1 6 
3 342 
5 16806 
7 823542 
9 40353606 
11 1977326742 
13 96889010406 
15 4747561509942 
17 232630513987206 
19 11398895185373142 
21 558545864083284006 
23 27368747340080916342 
25 1341068619663964900806 
27 65712362363534280139542 
29 3219905755813179726837606 
31 157775382034845806615042742 
33 7730993719707444524137094406 
35 378818692265664781682717625942 
37 18562115921017574302453163671206 
39 909543680129861140820205019889142 
41 44567640326363195900190045974568006 
43 2183814375991796599109312252753832342 
45 107006904423598033356356300384937784806 
47 5243338316756303634461458718861951455542 
49 256923577521058878088611477224235621321606 
51 12589255298531885026341962383987545444758742 
53 616873509628062366290756156815389726793178406 
55 30226801971775055948247051683954096612865741942 
57 1481113296616977741464105532513750734030421355206 
59 72574551534231909331741171093173785967490646405142 
61 3556153025177363557255317383565515512407041673852006 
63 174251498233690814305510551794710260107945042018748342 
65 8538323413450849900970017037940802745289307058918668806 
67 418377847259091645147530834859099334519176045887014771542 
69 20500514515695490612229010908095867391439626248463723805606 
71 1004525211269079039999221534496697502180541686174722466474742 
73 49221735352184872959961855190338177606846542622561400857262406 
75 2411865032257058775038130904326570702735480588505508642005857942 
77 118181386580595879976868414312001964434038548836769923458287039206 
79 5790887942449198118866552301288096257267888893001726249456064921142 
81 283753509180010707824461062763116716606126555757084586223347181136006 
83 13903921949820524683398592075392719113700201232097144724944011875664342 
85 681292175541205709486531011694243236571309860372760091522256581907552806 
87 33383316601519079764840019573017918591994183158265244484590572513470087542 
89 1635782513474434908477160959077878011007714974754996979744938053160034289606 
91 80153343160247310515380886994816022539378033762994852007501964604841680190742 
93 3927513814852118215253663462745985104429523654386747748367596265637242329346406 
95 192448176927753792547429509674553270117046659064950639670012217016224874137973942 
97 9429960669459935834824045974053110235735286294182581343830598633795018832760723206 
99 462068072803536855906378252728602401551029028414946485847699333055955922805275437142 
101 22641335567373305939412534383701517676000422392332377806537267319741840217458496420006 
103 1109425442801291991031214184801374366124020697224286512520326098667350170655466324580342 
105 54361846697263307560529495055267343940077014163990039113495978834700158362117849904436806 
107 2663730488165902070465945257708099853063773694035511916561302962900307759743774645317403542 
109 130522793920129201452831317627696892800124911007740083911503845182115080227444957620552773606 
111 6395616902086330871188734563757147747206120639379264111663688413923638931144802923407085906742 
113 313385228202230212688247993624100239613099911329583941471520732282258307626095343246947209430406 
115 15355876181909280421724151687580911741041895655149613132104515881830657073678671819100413262089942 
117 752437932913554740664483432691464675311052887102331043473121278209702196610254919135920249842407206 
119 36869458712764182292559688201881769090241591468014221130182942632275407633902491037660092242277953142 
121 1806603476925444932335424721892206685421837981932696835378964188981494974061222060845344519871619704006 
123 88523570369346801684435811372718127585670061114702144933569245260093253728999880981421881473709365496342 
125 4337654948097993282537354757263188251697832994620405101744893017744569432720994168089672192211758909320806 
127 212545092456801670844330383105896224333193816736399849985499757869483902203328714236393937418376186556719542 
129 10414709530383281871372188772188914992326497020083592649289488135604711207963106997583302933500433141279257606 
131 510320766988780811697237249837256834623998353984096039815184918644630849190192242881581843741521223922683622742 
133 25005717582450259773164625242025584896575919345220705950944061013586911610319419901197510343334539972211497514406 
135 1225280161540062728885066636859253659932220047915814591596258989665758668905651575158678006823392458638363378205942 
137 60038727915463073715368265206103429336678782347874914988216690493622174776376927182775222334346230473279805532091206 
139 2941897667857690612053044995099068037497260335045870834422617834187486564042469431955985894382965293190710471072469142 
141 144152985725026839990599204759854333837365756417247670886708273875186841638081002165843308824765299366344813082550988006 
143 7063496300526315159539361033232862358030922064445135873448705419884155240265969106126322132413499668950895841044998412342 
145 346111318725789442817428690628410255543515181157811657798986565574323606773032486200189784488261483778593896211204922204806 
147 16959454617563682698054005840792102521632243876732771232150341713141856731878591823809299439924812705151100914349041188035542 
149 831013276260620452204646286198813023559979949959905790375366743943950979862050999366655672556315822552403944803103018213741606 
151 40719650536770402158027668023741838154439017548035383728392970453253598013240498968966127955259475305067793295352047892473338742 
153 1995262876301749705743355733163350069567511859853733802691255552209426302648784449479340269807714289948321871472250346731193598406 
155 97767880938785735581424430925004153408808081132832956331871522058261888829790438024487673220578000207467771702140266989828486321942 
157 4790626166000501043489797115325203517031595975508814860261704580854832552659731463199895987808322010165920813404873082501595829775206 
159 234740682134024551131000058650934972334548202799931928152823524461886795080326841696794903402607778498130119856838781042578195658985142 
161 11502293424567203005419002873895813644392861937196664479488352698632452958936015243142950266727781146408375872985100271086331587290272006 
163 563612377803792947265531140820894868575250234922636559494929282232990194987864746914004563069661276174010417776269913283230247777223328342 
165 27617006512385854416011025900223848560187261511209191415251534829416519554405372598786223590413402532526510471037225750878282141083943088806 
167 1353233319106906866384540269110968579449175814049250379347325206641409458165863257340524955930256724093799013080824061793035824913113211351542 
169 66308432636238436452842473186437460393009614888413268588018935125429063450127299609685722840582579480596151640960379027858755420742547356225606 
171 3249113199175683386189281186135435559257471129532250160812927821146024109056237680874600419188546394549211430407058572365079015616384820455054742 
173 159206546759608485923274778120636342403616085347080257879833463236155181343755646362855420540238773332911360089945870045888871765202856202297682406 
175 7801120791220815810240464127911180777777188182006932636111839698571603885844026671779915606471699893312656644407347632248554716494939953912586437942 
177 382254918769819974701782742267647858111082220918339699169480145230008590406357306917215864717113294772320175575960033980179181108252057741716735459206 
179 18730491019721178760387354371114745047443028824998645259304527116270420929911508038943577371138551443843688603222041665028779874304350829344120037501142 
181 917794059966337759258980364184622507324708412424933617705921828697250625565663893908235291185789020748340741557880041586410213840913190637861881837556006 
183 44971908938350550203690037845046502858910712208821747267590169606165280652717530801503529268103662016668696336336122037734100478204746341255232210040244342 
185 2203623537979176959980811854407278640086624898232265616111918310702098751983159009273672934137079438816766120480469979848970923432032570721506378291971972806 
187 107977553360979671039059780865956653364244620013381015189483997224402838847174791454409973772716892502021539903543029012599575248169595965353812536306626667542 
189 5290900114688003880913929262431876014847986380655669744284715863995739103511564781266088714863127732599055455273608421617379187160310202302336814279024706709606 
191 259254105619712190164782533859161924727551332652127817469951077335791216072066674282038347028293258897353717308406812659251580170855199912814503899672210628770742 
193 12703451175365897318074344159098934311650015299954263056027602789453769587531267039819879004386369685970332148111933820303327428371904795727910691083938320809766406 
195 622469107592928968585642863795847781270850749697758889745352536683234709789032084951174071214932114612546275257484757194863043990223334990667623863112977719678553942 
197 30500986272053519460696500325996541282271686735190185597522274297478500779662572162607529489531673616014767487616753102548289155520943414542713569292535908264249143206 
199 1494548327330622453574128515973830522831312650024319094278591440576446538203466035967768944987052007184723606893220902024866168620526227312592964895334259504948208017142 
201 73232868039200500225132297282717695618734319851191635619650980588245880371969835762420678304365548352051456737767824199218442262405785138317055279871378715742462192840006 
203 3588410533920824511031482566853167085317981672708390145362898048824048138226521952358613236913911869250521380150623385761703670857883471777535708713697557071380647449160342 
205 175832116162120401040542645775805187180581101962711117122782004392378358773099575665572048608781681593275547627380545902323479872036290117099249726971180296497651725008856806 
207 8615773691943899650986589643014454171848473996172844739016318215226539579881879207613030381830302398070501833741646749213850513729778215737863236621587834528384934525433983542 
209 422172910905251082898342892507708254420575225812469392211799592546100439414212081173038488709684817505454589853340690711478675172759132571155298594457803891890861791746265193606 
211 20686472634357303062018801732877704466608186064811000218378180034758921531296391977478885946774556057767274902813693844862455083465197495986609631128432390702652227795566994486742 
213 1013637159083507850038921284911007518863801117175739010700530821703187155033523206896465411391953246830596470237870998398260299089794677303343871925293187144429959161982782729850406 
215 49668220795091884651907142960639368424326254741611211524326010263456170596642637137926805158205709094699227041655678921514754655399939187863849724339366170077067998937156353762669942 
217 2433742818959502347943450005071329052791986482338949364691974502909352359235489219758413452752079745640262125041128267154222978114597020205328636492628942333776331947920661334370827206 
219 119253398129015615049229050248495123586807337634608518869906750642558265602538971768162259184851907536372844127015285090556925927615253990061103188138818174355040265448112405384170533142 
221 5843416508321765137412223462176261055753559544095817424625430781485355014524409616639950700057743469282269362223748969437289370453147445512994056218802090543396973006957507863824356124006 
223 286327408907766491733198949646636791731924417660695053806646108292782395711696071215357584302829429994831198748963699502427179152204224830136708754721302436626451677340917885327393450076342 
225 14030043036480558094926748532685202794864296465374057636525659306346337389873107489552521630838642069746728738699221275618931778458007016676698728981343819394696132189704976381042279053740806 
227 687472108787547346651410678101574936948350526803328824189757306010970532103782266988073559911093461417589708196261842505327657144442343817158237720085847150340110477295543842671071673633299542 
229 33686133330589819985919123226977171910469175813363112385298107994537556073085331082415604435643579609461895701616830282761055200077674847040753648284206510366665413387481648290882512008031677606 
231 1650620533198901179310037038121881423612989614854792506879607291732340247581181223038364617346535400863632889379224683855291704803806067504996928765926119007966605255986600766253243088393552202742 
233 80880406126746157786191814867972189757036491127884832837100757294884672131477879928879866249980234642318011579582009508909293535386497307744849509530379831390363657543343437546408911331284057934406 
235 3963139900210561731523398928530637298094788065266356809017937107449348934442416116515113446249031497473582567399518465936555383233938368079497625966988611738127819219623828439774036655232918838785942 
237 194193855110317524844646547498001227606644615198051483641878918265018097787678389709240558866202543376205545802576404830891213778462980035895383672382441975168263141761567593548927796106413023100511206 
239 9515498900405558717387680827402060152725586144704522698452066994985886791596241095752787384443924625434071744326243836713669475144686021758873799946739656783244893946316812083897462009214238131925049142 
241 466259446119872377151996360542700947483553721090521612224151282754308452788215813691886581837752306646269515471985947998969804282089615066184816197390243182378999803369523792110975638451497668464327408006 
243 22846712859873746480447821666592346426694132333435558998983412854961114186622574870902442510049863025667206258127311451949520409822391138243055993672121915936570990365106665813437806284123385754752042992342 
245 1119488930133813577541943261663024974908012484338342390950187229893094595144506168674219682992443288257693106648238261145526500081297165773909743689933973880891978527890226624858452507922045901982850106624806 
247 54854957576556865299555219821488223770492611732578777156559174264761635162080802265036764466629721124626962225763674796130798503983561122921577440806764720163706947866621104618064172888180249197159655224615542 
249 2687892921251286399678205771252922964754137974896360080671399538973320122941959310986801458864856335106721149062420065010409126695194495023157294599531471288021640445464434126285144471520832210660823106006161606 
251 131706753141313033584232082791393225272952760769921643952898577409692686024156006238353271484377960420229336304058583185510047208064530256134707435377042093113060381827757272187972079104520778322380332194301918742 
253 6453630903924338645627372056778268038374685277726160553692030293074941615183644305679310302734520060591237478898870576089992313195161982550600664333475062562539958709560106337210631876121518137796636277520794018406 
255 316227914292292593635741230782135133880359578608581867130909484360672139143998570978286204833991482968970636466044658228409623346562937144979432552340278065564457976768445210523320961929954388752035177598518906901942 
257 15495167800322337088151320308324621560137619351820511489414564733672934818055929977936024036865582665479561186836188253192071543981583920103992195064673625212658440861653815315642727134567765048849723702327426438195206 
259 759263222215794517319414695107906456446743348239205062981313671949973806084740568918865177806413550608498498154973224406411505655097612085095617558169007635420263602221036950466493629593820487393636461414043895471565142 
261 37203897888573931348651320060287416365890424063721048086084369925548716498152287877024393712514263979816426409593687995914163777099782992169685260350281374135592916508830810572858187850097203882288186609288150878106692006 
263 1822990996540122636083914682954083401928630779122331356218134126351887108409462105974195291913198935011004894070090711799794025077889366616314577757163787332644052908932709718070051204654762990232121143855119393027227908342 
265 89326558830466009168111819464750086694502908176994236454688572191242468312063643192735569303746747815539239809434444878189907228816578964199414310101025579299558592537702776185432509028083386521373936048900850258334167508806 
267 4377001382692834449237479153772754248030642500672717586279740037370880947291118516444042895883590642961422750662287799031305454212012369245771301194950253385678371034347436033086192942376085939547322866396141662658374207931542 
269 214473067751948888012636478534864958153501482532963161727707261831173166417264807305758101898295941505109714782452102152533967256388606093042793758552562415898240180683024365621223454176428211037818820453410941470260336188645606 
271 10509180319845495512619187448208382949521572644115194924657655829727485154445975557982146993016501133750376024340153005474164395563041698559096894169075558379013768853468193915439949254644982340853122202217136132042756473243634742 
273 514949835672429280118340184962210764526557059561644551308225135656646772567852802341125202657808555553768425192667497268234055382589043229395747814284702360571674673819941501856557513477604134701802987908639670470095067188938102406 
275 25232541947949034725798669063148327461801295918520583014103031647175691855824787314715134930232619222134652834440707366143468713746863118240391642899950415668012059017177133590971318160402602600388346407523343853034658292257967017942 
277 1236394555449502701564134784094268045628263500007508567691048550711608900935414578421041611581398341884597988887594660941029966973596292793779190502097570367732590891841679545957594589859727527419028973968643848798698256320640383879206 
279 60583333217025632376642604420619134235784911500367919816861378984868836145835314342631038967488518752345301455492138386110468381706218346895180334602780948018896953700242297751922134903126648843532419724463548591136214559711378810081142 
281 2968583327634255986455487616610337577553460663518028071026207570258572971145930402788920909406937418864919771319114780919412950703604698997863836395536266452925950731311872589844184610253205793333088566498713880965674513425857561693976006 
283 145460583054078543336318893213906541300119572512383375480284170942670075586150589736657124560939933524381068794636624265051234584476630250895327983381277056193371585834281756902365045902407083873321339758436980167318051157867020523004824342 
285 7127568569649848623479625767481420523705859053106785398533924376190833703721378897096199103486056742694672370937194588987510494639354882293871071185682575753475207705879806088215887249217947109792745648163412028198584506735484005627236392806 
287 349250859912842582550501662606589605661587093602232484528162294433350851482347565957713756070816780392038946175922534860388014237328389232399682488098446211920285177588110498322578475211679408379844536760007189381730640830038716275734583247542 
289 17113292135729286544974581467722890677417767586509391741879952427234191722635030731927974047470022239209908362620204208159012697629091072387584441916823864384093973701817414417806345285372291010612382301240352279704801400671897097510994579129606 
291 838551314650735040703754491918421643193470611738960195352117668934475394409116505864470728326031089721285509768390006199791622183825462546991637653924369354820604711389053306472510918983242259520006732760777261705535268632922957778038734377350742 
293 41089014417886016994483970104002660516480059975209049572253765777789294326046708787359065687975523396342989978651110303789789487007447664802590245042294098386209630858063612017153035030178870716480329905278085823571228163013224931123897984490186406 
295 2013361706476414832729714535096130365307522938785243429040434523111675421976288730580594218710800646420806508953904404885699684863364935575326922007072410820924271912045116988840498716478764665107536165358626205354990179987648021625071001240019133942 
297 98654723617344326803756012219710387900068624000476928022981291632472095676838147798449116716829231674619518938741315839399284558304881843191019178346548130225289323690210732453184437107459468590269272102572684062394518819394753059628479060760937563206 
299 4834081457249872013384044598765809007103362576023369473126083289991132688165069242124006719124632352056356427998324476130564943356939210316359939738980858381039176860820325890206037418265513960923194333026061519057331422150342899921795473977285940597142 