1 12 
2 122 
3 1332 
4 14642 
5 161052 
6 1771562 
7 19487172 
8 214358882 
9 2357947692 
10 25937424602 
11 285311670612 
12 3138428376722 
13 34522712143932 
14 379749833583242 
15 4177248169415652 
16 45949729863572162 
17 505447028499293772 
18 5559917313492231482 
19 61159090448414546292 
20 672749994932560009202 
21 7400249944258160101212 
22 81402749386839761113322 
23 895430243255237372246532 
24 9849732675807611094711842 
25 108347059433883722041830252 
26 1191817653772720942460132762 
27 13109994191499930367061460372 
28 144209936106499234037676064082 
29 1586309297171491574414436704892 
30 17449402268886407318558803753802 
31 191943424957750480504146841291812 
32 2111377674535255285545615254209922 
33 23225154419887808141001767796309132 
34 255476698618765889551019445759400442 
35 2810243684806424785061213903353404852 
36 30912680532870672635673352936887453362 
37 340039485861577398992406882305761986972 
38 3740434344477351388916475705363381856682 
39 41144777789250865278081232758997200423492 
40 452592555681759518058893560348969204658402 
41 4978518112499354698647829163838661251242412 
42 54763699237492901685126120802225273763666522 
43 602400691612421918536387328824478011400331732 
44 6626407607736641103900260617069258125403649042 
45 72890483685103052142902866787761839379440139452 
46 801795320536133573571931534665380233173841533962 
47 8819748525897469309291246881319182564912256873572 
48 97017233784872162402203715694511008214034825609282 
49 1067189571633593786424240872639621090354383081702092 
50 11739085287969531650666649599035831993898213898723002 
51 129129938167664848157333145589394151932880352885953012 
52 1420429319844313329730664601483335671261683881745483122 
53 15624722518287446627037310616316692383878522699200314332 
54 171871947701161912897410416779483616222663749691203457642 
55 1890591424712781041871514584574319778449301246603238034052 
56 20796505671840591460586660430317517562942313712635618374562 
57 228761562390246506066453264733492693192365450838991802120172 
58 2516377186292711566730985912068419625116019959228909823321882 
59 27680149049219827234040845032752615876276219551518008056540692 
60 304481639541418099574449295360278774639038415066698088621947602 
61 3349298034955599095318942248963066521029422565733678974841423612 
62 36842278384511590048508364738593731731323648223070468723255659722 
63 405265062229627490533592012124531049044560130453775155955812256932 
64 4457915684525902395869512133369841539490161434991526715513934826242 
65 49037072529784926354564633467068256934391775784906793870653283088652 
66 539407797827634189900210968137750826278309533633974732577186113975162 
67 5933485776103976088902320649515259089061404869973722058349047253726772 
68 65268343537143736977925527144667849979675453569710942641839519790994482 
69 717951778908581106757180798591346349776429989266820369060234717700939292 
70 7897469567994392174328988784504809847540729881935024059662581894710332202 
71 86872165247938313917618876629552908322948028701285264656288400841813654212 
72 955593817727321453093807642925081991552428315714137911219172409259950196322 
73 10511531995000535984031884072175901907076711472855517023410896501859452159532 
74 115626851945005895824350724793934920977843826201410687257519861520453973754842 
75 1271895371395064854067857972733284130756282088215517559832718476724993711303252 
76 13990849085345713394746437700066125438319102970370693158159903243974930824335762 
77 153899339938802847342210814700727379821510132674077624739758935683724239067693372 
78 1692892739326831320764318961708001178036611459414853872137348292520966629744627082 
79 18621820132595144528407508578788012958402726053563392593510831217730632927190897892 
80 204840021458546589812482594366668142542429986589197318528619143395036962199099876802 
81 2253240236044012487937308538033349567966729852481170503814810577345406584190098644812 
82 24785642596484137367310393918366845247634028377292875541962916350799472426091085092922 
83 272642068561325511040414333102035297723974312150221630961592079858794196687001936022132 
84 2999062754174580621444557664122388274963717433652437940577512878446736163557021296243442 
85 32989690295920386835890134305346271024600891770176817346352641662914097799127234258677852 
86 362886593255124255194791477358808981270609809471944990809879058292055075790399576845456362 
87 3991752525806366807142706250946898793976707904191394898908669641212605833694395345300019972 
88 43909277783870034878569768760415886733743786946105343887995366053338664170638348798300219682 
89 483002055622570383664267456364574754071181656407158782767949026586725305877021836781302416492 
90 5313022611848274220306942020010322294782998220478746610447439292453978364647240204594326581402 
91 58443248730331016423376362220113545242612980425266212714921832216993762011119642250537592395412 
92 642875736033641180657139984421248997668742784677928339864140154386931382122316064755913516349522 
93 7071633096370052987228539828633738974356170631457211738505541698256245203345476712315048679844732 
94 77787964060070582859513938114971128717917876946029329123560958680818697236800243835465535478292042 
95 855667604660776411454653319264682415897096646406322620359170545489005669604802682190120890261212452 
96 9412343651268540526001186511911506574868063110469548823950876000379062365652829504091329792873336962 
97 103535780163953945786013051631026572323548694215165037063459636004169686022181124545004627721606706572 
98 1138893581803493403646143567941292295559035636366815407698055996045866546243992369995050904937673772282 
99 12527829399838427440107579247354215251149392000034969484678615956504532008683916069945559954314411495092 
100 137806123398222701841183371720896367762643312000384664331464775521549852095523076769401159497458526446002 
101 1515867357380449720253017088929860045389076432004231307646112530737048373050753844463412754472043790906012 
102 16674540931184946922783187978228460499279840752046544384107237838107532103558292289097540299192481699966122 
103 183419950243034416150615067760513065492078248272511988225179616219182853139141215180072943291117298699627332 
104 2017619452673378577656765745365643720412860730997631870476975778411011384530553366980802376202290285695900642 
105 22193813979407164354224423199022080924541468040973950575246733562521125229836087036788826138225193142654907052 
106 244131953773478807896468655189242890169956148450713456327714069187732377528196957404677087520477124569203977562 
107 2685451491508266886861155207081671791869517632957848019604854761065056152810166531451447962725248370261243753172 
108 29539966406590935755472707277898389710564693962536328215653402371715617680911831845965927589977732072873681284882 
109 324939630472500293310199780056882286816211633587899610372187426088871794490030150305625203489755052801610494133692 
110 3574335935197503226412197580625705154978327969466895714094061686977589739390331653361877238387305580817715435470602 
111 39317695287172535490534173386882756704761607664135852855034678556753487133293648186980649622260361388994869790176612 
112 432494648158897890395875907255710323752377684305494381405381464124288358466230130056787145844863975278943567691942722 
113 4757441129747876794354634979812813561276154527360438195459196105367171943128531430624658604293503728068379244611369932 
114 52331852427226644737900984777940949174037699800964820150051157159038891374413845736871244647228541008752171690725069242 
115 575650376699493092116910832557350440914414697810613021650562728749427805118552303105583691119513951096273888597975761652 
116 6332154143694424013286019158130854850058561675916743238156190016243705856304075334161420602314653462059012774577733378162 
117 69653695580638664146146210739439403350644178435084175619718090178680764419344828675775626625461188082649140520355067159772 
118 766190651387025305607608318133833436857085962785925931816898991965488408612793115433531892880073068909140545723905738757482 
119 8428097165257278361683691499472167805427945590645185249985888911620372494740724269768850821680803758000546002962963126332292 
120 92709068817830061978520606494193845859707401497097037749844778027824097442147966967457359038488841338006006032592594389655202 
121 1019799756996130681763726671436132304456781416468067415248292558306065071863627636642030949423377254718066066358518538286207212 
122 11217797326957437499400993385797455349024595581148741567731218141366715790499904003062340443657149801898726729943703921148279322 
123 123395770596531812493410927243772008839270551392636157245043399555033873695498944033685744880228647820885994029380743132631072532 
124 1357353476561849937427520199681492097231976065318997729695477395105372610650488384370543193682515126029745934323188174458941797842 
125 14930888242180349311702722196496413069551736718508975026650251346159098717155372228075975130507666386327205277555069919048359776252 
126 164239770663983842428729944161460543765069103903598725293152764807750085888709094508835726435584330249599258053105769109531957538762 
127 1806637477303822266716029385776065981415760142939585978224680412885250944775800039597192990791427632745591838584163460204851532926372 
128 19873012250342044933876323243536725795573361572335445760471484541737760392533800435569122898705703960201510224425798062253366862190082 
129 218603134753762494272639555678903983751306977295689903365186329959115364317871804791260351885762743562216612468683778684787035484090892 
130 2404634482291387436999035112467943821264376750252588937017049629550269007496589852703863870743390179184382737155521565532657390324999802 
131 26450979305205261806989386237147382033908144252778478307187545925052959082462488379742502578177291971028210108710737220859231293574997812 
132 290960772357257879876883248608621202372989586780563261379063005175582549907087372177167528359950211681310311195818109429451544229324975922 
133 3200568495929836678645715734694833226102885454586195875169693056931408048977961093948842811959452328494413423153999203723966986522574735132 
134 35206253455228203465102873081643165487131740000448154626866623626245488538757572033437270931553975613438547654693991240963636851748322086442 
135 387268788007510238116131603898074820358449140004929700895532859888700373926333292367809980247093731747824024201633903650600005369231542950852 
136 4259956668082612619277447642878823023942940540054226709850861458775704113189666216045909782718031049226064266217972940156600059061546972459362 
137 46859523348908738812051924071667053263372345940596493808359476046532745245086328376505007609898341541486706928397702341722600649677016697052972 
138 515454756837996126932571164788337585897095805346561431891954236511860197695949612141555083708881756956353776212374725758948607146447183667582682 
139 5670002325217957396258282812671713444868053858812175750811496601630462174655445733557105920797699326519891538336121983348434678610919020343409492 
140 62370025577397531358841110939388847893548592446933933258926462617935083921209903069128165128774692591718806921697341816832781464720109223777504402 
141 686070281351372844947252220333277326829034516916273265848191088797285923133308933760409816416521618508906876138670759985160596111921201461552548412 
142 7546773094865101294419774423666050595119379686079005924330101976770145154466398271364507980581737803597975637525378359836766557231133216077078032522 
143 83014504043516114238617518660326556546313176546869065167631121744471596699130380985009587786399115839577732012779161958204432129542465376847858357732 
144 913159544478677256624792705263592122009444942015559716843942339189187563690434190835105465650390274235355052140570781540248753424967119145326441935042 
145 10044754989265449822872719757899513342103894362171156885283365731081063200594776099186160122154293016588905573546278596942736287674638310598590861285452 
146 110492304881919948051599917336894646763142837983882725738117023041891695206542537091047761343697223182477961309009064566370099164421021416584499474139962 
147 1215415353701119428567599090705841114394571217822709983119287253460808647271967908001525374780669455007257574399099710230071090808631235582429494215539572 
148 13369568890712313714243589997764252258340283396049809814312159788068895119991646988016779122587364005079833318390096812530781998894943591406724436370935282 
149 147065257797835450856679489975406774841743117356547907957433757668757846319908116868184570348461004055878166502291064937838601987844379505473968800080288092 
150 1617717835776189959423474389729474523259174290922026987531771334356336309518989285550030273833071044614659831525201714316224621866288174560213656800883169002 
151 17794896193538089553658218287024219755850917200142296862849484677919699404708882141050333012163781490761258146777218857478470840529169920162350224809714859012 
152 195743858128918985090240401157266417314360089201565265491344331457116693451797703551553663133801596398373839614549407432263179245820869121785852472906863449122 
153 2153182439418108835992644412729930590457960981217217920404787646028283627969774739067090294471817560382112235760043481754894971704029560339644377201975497940332 
154 23685006833599197195919088540029236495037570793389397124452664106311119907667522129737993239189993164203234593360478299303844688744325163736088149221730477343642 
155 260535075169591169155109973940321601445413278727283368368979305169422318984342743427117925631089924806235580526965261292342291576187576801096969641439035250780052 
156 2865885826865502860706209713343537615899546066000117052058772356863645508827770177698297181941989172868591385796617874215765207338063344812066666055829387758580562 
157 31524744095520531467768306846778913774895006726001287572646495925500100597105471954681269001361880901554505243762796616373417280718696792932733326614123265344386172 
158 346772185050725846145451375314568051523845073986014163299111455180501106568160191501493959014980689917099557681390762780107590087905664722260066592755355918788247882 
159 3814494035557984307599965128460248566762295813846155796290226006985512172249762106516433549164787589088095134495298390581183490966962311944860732520308915106670726692 
160 41959434391137827383599616413062734234385253952307713759192486076840633894747383171680769040812663479969046479448282296393018400636585431393468057723398066173377993602 
161 461553778302516101219595780543690076578237793475384851351117346845246972842221214888488459448939298279659511273931105260323202407002439745328148634957378727907157929612 
162 5077091561327677113415553585980590842360615728229233364862290815297716701264433363773373053938332281076254624013242157863555226477026837198609634984531166006978737225722 
163 55848007174604448247571089445786499265966773010521567013485198968274883713908767001507103593321655091838800864145663736499107491247295209184705984829842826076766109482932 
164 614328078920648930723281983903651491925634503115737237148337188651023720852996437016578139526538206010226809505602301101490182403720247301031765833128271086844427204312242 
165 6757608868127138237956101822940166411181979534273109608631709075161260929382960807182359534791920266112494904561625312116392006440922720311349424164410981955288699247434652 
166 74333697549398520617517120052341830523001774877004205694948799826773870223212568879005954882711122927237443950177878433280312070850149923424843665808520801508175691721781162 
167 817670673043383726792688320575760135753019523647046262644436798094512572455338257669065503709822352199611883451956662766083432779351649157673280323893728816589932608939592772 
168 8994377403477220994719571526333361493283214760117508889088804779039638297008720834359720540808045874195730717971523290426917760572868140734406083562831016982489258698335520482 
169 98938151438249430941915286789666976426115362361292597779976852569436021267095929177956925948888504616153037897686756194696095366301549548078466919191141186807381845681690725292 
170 1088319665820743740361068154686336740687268985974218575579745378263796233938055220957526185437773550777683416874554318141657049029317045028863136111102553054881200302498597978202 
171 11971516324028181143971749701549704147559958845716404331377199160901758573318607430532788039815509058554517585620097499558227539322487495317494497222128083603693203327484577760212 
172 131686679564309992583689246717046745623159547302880447645149190769919344306504681735860668437970599644099693441821072495140502932547362448492439469443408919640625236602330355362322 
173 1448553475207409918420581713887514201854755020331684924096641098469112787371551499094467352817676596085096627860031797446545532258020986933416834163877498116046877602625633908985532 
174 15934088227281509102626398852762656220402305223648534165063052083160240661087066490039140880994442556936062906460349771912000854838230856267585175802652479276515653628881972998840842 
175 175274970500096600128890387380389218424425357460133875815693572914762647271957731390430549690938868126296691971063847491032009403220539418943436933829177272041672189917701702987249252 
176 1928024675501062601417794261184281402668678932061472633972629302062389119991535045294736046600327549389263611681702322401352103435425933608377806272120949992458394089094718732859741762 
177 21208271430511688615595736873027095429355468252676198973698922322686280319906885498242096512603603043281899728498725546414873137789685269692155868993330449917042334980041906061457159372 
178 233290985735628574771553105603298049722910150779438188710688145549549083518975740480663061638639633476100897013485981010563604515686537966613714558926634949087465684780460966676028753082 
179 2566200843091914322487084161636278546952011658573820075817569601045039918708733145287293678025035968237109867148345791116199649672551917632750860148192984439962122532585070633436316283892 
180 28228209274011057547357925777999064016472128244312020833993265611495439105796064598160230458275395650608208538631803702278196146398071093960259461630122828839583347858435776967799479122802 
181 310510302014121633020937183557989704181193410687432229173925921726449830163756710579762535041029352156690293924949840725060157610378782033562854077931351117235416826442793546645794270350812 
182 3415613322155337963230309019137886745993127517561754520913185138990948131801323816377387885451322873723593233174448247975661733714166602369191394857244862289589585090870729013103736973858922 
183 37571746543708717595533399210516754205924402693179299730045036528900429449814561980151266739964551610959525564918930727732279070855832626061105343429693485185485435999578019144141106712448132 
184 413289211980795893550867391315684296265168429624972297030495401817904723947960181781663934139610067720554781214108238005055069779414158886672158777726628337040339795995358210585552173836929442 
185 4546181331788754829059541304472527258916852725874695267335449419996951963427561999598303275535710744926102593355190618055605767573555747753393746554992911707443737755948940316441073912206223852 
186 50007994649676303119654954349197799848085379984621647940689943619966471597703181995581336030892818194187128526907096798611663443309113225287331212104922028781881115315438343480851813034268462362 
187 550087941146439334316204497841175798328939179830838127347589379819631187574735001951394696339821000136058413795978064784728297876400245478160643333154142316600692268469821778289369943376953085972 
188 6050967352610832677478249476252933781618330978139219400823483178015943063322085021465341659738031001496642551755758712632011276640402700259767076664695565482607614953168039561183069377146483945682 
189 66560640878719159452260744238782271597801640759531413409058314958175373696542935236118758257118341016463068069313345838952124043044429702857437843311651220308683764484848435173013763148611323402492 
190 732167049665910753974868186626604987575818048354845547499641464539929110661972287597306340828301751181093748762446804228473364473488726731431816276428163423395521409333332786903151394634724557427402 
191 8053837546325018293723550052892654863333998531903301022496056109939220217281695163570369749111319262992031236386914846513207009208375994045749979040709797657350735502666660655934665340981970131701412 
192 88592213009575201230959050581819203496673983850936311247456617209331422390098646799274067240224511892912343600256063311645277101292135934503249769447807774230858090529333267215281318750801671448715522 
193 974514343105327213540549556400011238463413822360299423722022789302645646291085114792014739642469630822035779602816696428098048114213495279535747463925885516539438995822665939368094506258818385935870732 
194 10719657774158599348946045120400123623097552045963293660942250682329102109201936262712162136067165939042393575630983660709078529256348448074893222103184740681933828954049325333049039568847002245294578042 
195 117916235515744592838406496324401359854073072505596230270364757505620123201221298889833783496738825329466329331940820267799863821819832928823825443135032147501272118494542578663539435257317024698240358452 
196 1297078590673190521222471459568414958394803797561558532974012332561821355213434287788171618464127078624129622651349022945798502040018162217062079874485353622513993303439968365298933787830487271680643942962 
197 14267864497405095733447186055252564542342841773177143862714135658180034907347777165669887803105397864865425849164839252403783522440199784387682878619338889847653926337839652018288271666135359988487083372572 
198 156946509471456053067919046607778209965771259504948582489855492239980383980825548822368765834159376513519684340813231776441618746842197628264511664812727788324193189716236172201170988327488959873357917098282 
199 1726411604186016583747109512685560309623483854554434407388410414639784223789081037046056424175753141648716527748945549540857806215264173910909628312940005671566125086878597894212880871602378558606937088081092 
200 18990527646046182421218204639541163405858322400098778481272514561037626461679891407506620665933284558135881805238401044949435868367905913020005911442340062387227375955664576836341689587626164144676307968892002 
201 208895804106508006633400251034952797464441546401086563293997660171413891078478805482572827325266130139494699857622411494443794552046965043220065025865740686259501135512310345199758585463887805591439387657812012 
202 2297853845171588072967402761384480772108857010411952196233974261885552801863266860308301100577927431534441698433846526438881740072516615475420715284523147548854512490635413797197344440102765861505833264235932122 
203 25276392296887468802641430375229288493197427114531474158573716880741080820495935463391312106357201746878858682772311790827699140797682770229627868129754623037399637396989551769170788841130424476564165906595253332 
204 278040315265762156829055734127522173425171698259846215744310885688151889025455290097304433169929219215667445510495429699104690548774510472525906549427300853411396011366885069460878677252434669242205824972547786642 
205 3058443467923383725119613075402743907676888680858308373187419742569670779280008191070348764869221411372341900615449726690151596036519615197784972043700309387525356125035735764069665449776781361664264074698025653052 
206 33642878147157220976315743829430182984445775489441392105061617168266378572080090101773836413561435525095760906769946993591667556401715767175634692480703403262778917375393093404766319947544594978306904821678282183562 
207 370071659618729430739473182123732012828903530383855313155677788850930164292880991119512200549175790776053369974469416929508343120418873438931981617287737435890568091129324027452429519422990544761375953038461104019172 
208 4070788255806023738134205003361052141117938834222408444712455677360231807221690902314634206040933698536587069719163586224591774324607607828251797790165111794796249002422564301976724713652895992375135483423072144210882 
209 44778670813866261119476255036971573552297327176446492891837012450962549879438599925460976266450270683902457766910799448470509517570683686110769775691816229742758739026648207321743971850181855916126490317653793586319692 
210 492565378952528872314238805406687309075270598940911421810207136960588048673824599180070738930952977522927035436018793933175604693277520547218467532609978527170346129293130280539183690352000415077391393494191729449516602 
211 5418219168477817595456626859473560399827976588350025639912278506566468535412070590980778128240482752752197389796206733264931651626052726019403142858709763798873807422224433085931020593872004565851305328436109023944682612 
212 59600410853255993550022895454209164398107742471850282039035063572231153889532776500788559410645310280274171287758274065914248167886579986213434571445807401787611881644468763945241226532592050224364358612797199263391508722 
213 655604519385815929050251849996300808379185167190353102429385699294542692784860541508674153517098413083015884165341014725056729846752379848347780285903881419663730698089156403397653491858512552468007944740769191897306595932 
214 7211649713243975219552770349959308892171036839093884126723242692239969620633465956595415688688082543913174725818751161975624028314276178331825583144942695616301037678980720437374188410443638077148087392148461110870372555242 
215 79328146845683727415080473849552397813881405230032725393955669614639665826968125522549572575568907983044921984006262781731864311457037961650081414594369651779311414468787924811116072514880018848628961313633072219574098107652 
216 872609615302521001565885212345076375952695457530359979333512365761036324096649380748045298331257987813494141824068890599050507426027417578150895560538066169572425559156667172922276797663680207334918574449963794415315079184162 
217 9598705768327731017224737335795840135479650032833959772668636023371399565063143188228498281643837865948435560064757796589555581686301593359659851165918727865296681150723338902145044774300482280684104318949601738568465871025772 
218 105585763451605041189472110693754241490276150361173557499354996257085395215694575070513481098082216525432791160712335762485111398549317526956258362825106006518263492657956727923595492517305305087525147508445619124253124581283482 
219 1161443397967655453084193217631296656393037653972909132492904958827939347372640325775648292078904381779760702767835693387336225384042492796518841991076166071700898419237524007159550417690358355962776622592901810366784370394118292 
220 12775877377644209983926125393944263220323414193702000457421954547107332821099043583532131212867948199577367730446192627260698479224467420761707261901837826788709882611612764078755054594593941915590542848521919914034628074335301202 
221 140534651154086309823187379333386895423557556130722005031641500018180661032089479418853443341547430195351045034908118899867683271469141628378779880920216094675808708727740404866305600540533361071495971333741119054380908817688313212 
222 1545881162694949408055061172667255849659133117437942055348056500199987271352984273607387876757021732148861495383989307898544515986160557912166578690122377041433895796005144453529361605945866971786455684671152309598189996994571445322 
223 17004692789644443488605672899339814346250464291817362608828621502199859984882827009681266644327239053637476449223882386883989675847766137033832365591346147455772853756056588988822977665404536689651012531382675405580089966940285898532 
224 187051620686088878374662401892737957808755107209990988697114836524198459833711097106493933087599629590012240941462706255723886434325427507372156021504807622013501391316622478877052754319449903586161137845209429461380989636343144883842 
225 2057567827546977662121286420820117535896306179309900875668263201766183058170822068171433263963595925490134650356089768812962750777579702581093716236552883842148515304482847267647580297513948939447772516297303724075190885999774593722252 
226 22633246103016754283334150629021292894859367972408909632350895219428013639879042749885765903599555180391481153916987456942590258553376728392030878602081722263633668349311319944123383272653438333925497679270340964827099745997520530944762 
227 248965707133184297116675656919234221843453047696498005955859847413708150038669470248743424939595106984306292693086862026368492844087144012312339664622898944899970351842424519385357215999187821673180474471973750613098097205972725840392372 
228 2738622778465027268283432226111576440277983524661478065514458321550789650425364172736177674335546176827369219623955482290053421284958584135435736310851888393899673870266669713238929375991066038404985219191711256744079069265699984244316082 
229 30124850563115299951117754487227340843057818771276258720659041537058686154679005900097954417691007945101061415863510305190587634134544425489793099419370772332896412572933366845628223135901726422454837411108823824184869761922699826687476892 
230 331373356194268299462295299359500749273636006484038845927249456907645547701469064901077498594601087396111675574498613357096463975479988680387724093613078495661860538302267035301910454494918990647003211522197062066033567381149698093562245802 
231 3645106918136951294085248292954508242009996071324427305199744025984101024716159713911852484540611961357228431319484746928061103730279875484264965029743863452280465921324937388321014999444108897117035326744167682726369241192646679029184703812 
232 40096176099506464234937731222499590662109956784568700357197184285825111271877756853030377329946731574929512744514332216208672141033078630326914615327182497975085125134574311271531164993885197868287388594185844509990061653119113469321031741922 
233 441057937094571106584315043447495497283209524630255703929169027144076223990655325383334150629414047324224640189657654378295393551363864933596060768599007477725936376480317423986842814932737176551161274536044289609890678184310248162531349161132 
234 4851637308040282172427465477922450470115304770932812743220859298584838463897208579216675656923554520566471042086234198161249329065002514269556668454589082254985300141283491663855270964260108942062774019896487185708797460027412729787844840772442 
235 53368010388443103896702120257146955171268352480260940175429452284433223102869294371383432226159099726231181462948576179773742619715027656965123353000479904804838301554118408302407980606861198362690514218861359042796772060301540027666293248496852 
236 587048114272874142863723322828616506883951877282870341929723975128765454131562238085217754487750096988542996092434337977511168816865304226616356883005278952853221317095302491326487786675473181989595656407474949470764492663316940304329225733465362 
237 6457529257001615571500956551114781575723470650111573761226963726416419995447184618937395299365251066873972957016777717752622856985518346492779925713058068481385434488048327404591365653430205001885552220482224444178409419296486343347621483068118972 
238 71032821827017771286510522062262597332958177151227311373496600990580619949919030808311348293017761735613702527184554895278851426840701811420579182843638753295239779368531601450505022187732255020741074425304468885962503612261349776823836313749308682 
239 781361040097195484151615742684888570662539948663500425108462610896386819449109338891424831223195379091750727799030103848067365695247719925626371011280026286247637573053847615955555244065054805228151818678349157745587539734874847545062199451242395492 
240 8594971441069150325667773169533774277287939435298504676193088719860255013940202727805673143455149170009258005789331142328741022647724919181890081124080289148724013303592323775511107684715602857509670005461840735201462937083623322995684193963666350402 
253 296721724945338083262258616336829923711985339702583321828816334815331716631019968405076964713435140923911726656161925730510356293970908970849362229071881353428124376229082317912069376733512799524984809697821868247356565813893809893645971173251613600369268991566332 
275 24153964213356155906925864104655146132908282747787670229434391049354247566476240376938105708640955760391224505446673673002985478591986338747615203168419487953104309880104385655895155093911356367144323592149000654757333793598153252312324979511139953987244808389200792493595431080179195252 
297 1966199095558527353130753214855025050707475144217130172983325286121692003520197170921931135609907612761637028389741011795998497255657899467867023948017844711411413813758072635769286382527356695102497742795550676674789682170575696972002616903784285511999493980017875873515031464472299501954364572506161596038572 
319 160054012220381805363625598634637729160082496913724708445305168492104896619077083041028550630566525078664144222358520375034802425695589452722216351237601209994659247127316606421419796336501747200346695079435455421918501465119662253707294473471633914676412849753792067101248389977367727296957359792122249351888459991589090646217904292 
341 13028836645133928638743125970069489007664778248306033049209569326702254018434695996188309642752870416177852829469823760786344253737472443084614872690923155734271523460674925909030497047919115717173998936244068575570296296659080633515575698646774978503043472290079613417565692904074141602314964260154268955501274575761891037622061872803432949971373583160412 
363 1060583124225911319751609923882616244174779079058930233020796035790261590020789399392815447479472377698222504120881017150497664737644262754430204048048807076118597943936410939963170931966209247692551252063518373092720820187906632531814793570040632747108653362166467893295041939289046143147101603915572278700715714271601304290364517595961456241711356809646502445032041719091934932 
385 86334382265273400874370230140037574573433901638676390544190187757105760307805091443544498209690320962861990567806956030050056801142382174968910710821668306889924321251937834666964317436897824122917717376081444168024911354217214921876547038904658693350705539699302533321877671638913296055660149476207317683421752737333702433635509040315149829308934705072622699257177754364831246641554564384808649315852 
407 7027856083007673879117239903743331446941662691889908359133873704308192596152515235718490330539050012844730666738696291235382029155661104722714455694317341201261692271462113265258361682288955430836766376614319143029297313983119922640895909630255306742603509739125907542914450634321234618183790550801294296270620157116472246760222168516076194203489499861027922641351169524300209333250225732948979949033335397126515300732551172 
429 572086807451851010145125425203371157198377071161373585363761524416406196492437159735385309558595964667438537320050970518810349877046344158161539909435638612471198181476331628157524082156417958169152409330388344526081397928031549846031336693382150801520687714313713571736282503415152542491859195330509927387685301791436117916889948292402972352397686663200524764348534696301379698493358031920297542180475452926464049131859245338566139304223562248892 
451 46569439014520281294996611440748399384610265085489271165419391342834707328363599750657472544560435875168244858397263391506019120603522195799534953184997085930769165103860200077455668637511132515507887187777215517610245400488596147263167584486689527856935963472642916077821188405259519525503211506433128496174724505545776626034901107514315544451578206559685969751984663676527589388324108894533298799878253796456849302878168193965239921763456229782552184382535252657577012 
473 3790880373184712477224400661335482789436471355729778073352306268661305138703380783009728140320732236222992279206695803767470095486363397285148692858044112303183395660921351947702416886836164781672983111076743463823501342248318131085499103686479037966854364622632813952448698677205824764076475592444997600289449380132120358980373280362490317300164321101311411825697246548570942901110779028363579026722002582675172474152730332679829556198862216396444479681893429547492790173148222140743655463532 