2 3 
3 7 
4 15 
5 31 
6 63 
7 127 
8 255 
9 511 
10 1023 
11 2047 
12 4095 
13 8191 
14 16383 
15 32767 
16 65535 
17 131071 
18 262143 
19 524287 
20 1048575 
21 2097151 
22 4194303 
23 8388607 
24 16777215 
25 33554431 
26 67108863 
27 134217727 
28 268435455 
29 536870911 
30 1073741823 
31 2147483647 
32 4294967295 
33 8589934591 
34 17179869183 
35 34359738367 
36 68719476735 
37 137438953471 
38 274877906943 
39 549755813887 
40 1099511627775 
41 2199023255551 
42 4398046511103 
43 8796093022207 
44 17592186044415 
45 35184372088831 
46 70368744177663 
47 140737488355327 
48 281474976710655 
49 562949953421311 
50 1125899906842623 
51 2251799813685247 
52 4503599627370495 
53 9007199254740991 
54 18014398509481983 
55 36028797018963967 
56 72057594037927935 
57 144115188075855871 
58 288230376151711743 
59 576460752303423487 
60 1152921504606846975 
61 2305843009213693951 
62 4611686018427387903 
63 9223372036854775807 
64 18446744073709551615 
65 36893488147419103231 
66 73786976294838206463 
67 147573952589676412927 
68 295147905179352825855 
69 590295810358705651711 
70 1180591620717411303423 
71 2361183241434822606847 
72 4722366482869645213695 
73 9444732965739290427391 
74 18889465931478580854783 
75 37778931862957161709567 
76 75557863725914323419135 
77 151115727451828646838271 
78 302231454903657293676543 
79 604462909807314587353087 
80 1208925819614629174706175 
81 2417851639229258349412351 
82 4835703278458516698824703 
83 9671406556917033397649407 
84 19342813113834066795298815 
85 38685626227668133590597631 
86 77371252455336267181195263 
87 154742504910672534362390527 
88 309485009821345068724781055 
89 618970019642690137449562111 
90 1237940039285380274899124223 
91 2475880078570760549798248447 
92 4951760157141521099596496895 
93 9903520314283042199192993791 
94 19807040628566084398385987583 
95 39614081257132168796771975167 
96 79228162514264337593543950335 
97 158456325028528675187087900671 
98 316912650057057350374175801343 
99 633825300114114700748351602687 
100 1267650600228229401496703205375 
101 2535301200456458802993406410751 
102 5070602400912917605986812821503 
103 10141204801825835211973625643007 
104 20282409603651670423947251286015 
105 40564819207303340847894502572031 
106 81129638414606681695789005144063 
107 162259276829213363391578010288127 
108 324518553658426726783156020576255 
109 649037107316853453566312041152511 
110 1298074214633706907132624082305023 
111 2596148429267413814265248164610047 
112 5192296858534827628530496329220095 
113 10384593717069655257060992658440191 
114 20769187434139310514121985316880383 
115 41538374868278621028243970633760767 
116 83076749736557242056487941267521535 
117 166153499473114484112975882535043071 
118 332306998946228968225951765070086143 
119 664613997892457936451903530140172287 
120 1329227995784915872903807060280344575 
121 2658455991569831745807614120560689151 
122 5316911983139663491615228241121378303 
123 10633823966279326983230456482242756607 
124 21267647932558653966460912964485513215 
125 42535295865117307932921825928971026431 
126 85070591730234615865843651857942052863 
127 170141183460469231731687303715884105727 
128 340282366920938463463374607431768211455 
129 680564733841876926926749214863536422911 
130 1361129467683753853853498429727072845823 
131 2722258935367507707706996859454145691647 
132 5444517870735015415413993718908291383295 
133 10889035741470030830827987437816582766591 
134 21778071482940061661655974875633165533183 
135 43556142965880123323311949751266331066367 
136 87112285931760246646623899502532662132735 
137 174224571863520493293247799005065324265471 
138 348449143727040986586495598010130648530943 
139 696898287454081973172991196020261297061887 
140 1393796574908163946345982392040522594123775 
141 2787593149816327892691964784081045188247551 
142 5575186299632655785383929568162090376495103 
143 11150372599265311570767859136324180752990207 
144 22300745198530623141535718272648361505980415 
145 44601490397061246283071436545296723011960831 
146 89202980794122492566142873090593446023921663 
147 178405961588244985132285746181186892047843327 
148 356811923176489970264571492362373784095686655 
149 713623846352979940529142984724747568191373311 
150 1427247692705959881058285969449495136382746623 
151 2854495385411919762116571938898990272765493247 
152 5708990770823839524233143877797980545530986495 
153 11417981541647679048466287755595961091061972991 
154 22835963083295358096932575511191922182123945983 
155 45671926166590716193865151022383844364247891967 
156 91343852333181432387730302044767688728495783935 
157 182687704666362864775460604089535377456991567871 
158 365375409332725729550921208179070754913983135743 
159 730750818665451459101842416358141509827966271487 
160 1461501637330902918203684832716283019655932542975 
161 2923003274661805836407369665432566039311865085951 
162 5846006549323611672814739330865132078623730171903 
163 11692013098647223345629478661730264157247460343807 
164 23384026197294446691258957323460528314494920687615 
165 46768052394588893382517914646921056628989841375231 
166 93536104789177786765035829293842113257979682750463 
167 187072209578355573530071658587684226515959365500927 
168 374144419156711147060143317175368453031918731001855 
169 748288838313422294120286634350736906063837462003711 
170 1496577676626844588240573268701473812127674924007423 
171 2993155353253689176481146537402947624255349848014847 
172 5986310706507378352962293074805895248510699696029695 
173 11972621413014756705924586149611790497021399392059391 
174 23945242826029513411849172299223580994042798784118783 
175 47890485652059026823698344598447161988085597568237567 
176 95780971304118053647396689196894323976171195136475135 
177 191561942608236107294793378393788647952342390272950271 
178 383123885216472214589586756787577295904684780545900543 
179 766247770432944429179173513575154591809369561091801087 
180 1532495540865888858358347027150309183618739122183602175 
181 3064991081731777716716694054300618367237478244367204351 
182 6129982163463555433433388108601236734474956488734408703 
183 12259964326927110866866776217202473468949912977468817407 
184 24519928653854221733733552434404946937899825954937634815 
185 49039857307708443467467104868809893875799651909875269631 
186 98079714615416886934934209737619787751599303819750539263 
187 196159429230833773869868419475239575503198607639501078527 
188 392318858461667547739736838950479151006397215279002157055 
189 784637716923335095479473677900958302012794430558004314111 
190 1569275433846670190958947355801916604025588861116008628223 
191 3138550867693340381917894711603833208051177722232017256447 
192 6277101735386680763835789423207666416102355444464034512895 
193 12554203470773361527671578846415332832204710888928069025791 
194 25108406941546723055343157692830665664409421777856138051583 
195 50216813883093446110686315385661331328818843555712276103167 
196 100433627766186892221372630771322662657637687111424552206335 
197 200867255532373784442745261542645325315275374222849104412671 
198 401734511064747568885490523085290650630550748445698208825343 
199 803469022129495137770981046170581301261101496891396417650687 
200 1606938044258990275541962092341162602522202993782792835301375 
201 3213876088517980551083924184682325205044405987565585670602751 
202 6427752177035961102167848369364650410088811975131171341205503 
203 12855504354071922204335696738729300820177623950262342682411007 
204 25711008708143844408671393477458601640355247900524685364822015 
205 51422017416287688817342786954917203280710495801049370729644031 
206 102844034832575377634685573909834406561420991602098741459288063 
207 205688069665150755269371147819668813122841983204197482918576127 
208 411376139330301510538742295639337626245683966408394965837152255 
209 822752278660603021077484591278675252491367932816789931674304511 
210 1645504557321206042154969182557350504982735865633579863348609023 
211 3291009114642412084309938365114701009965471731267159726697218047 
212 6582018229284824168619876730229402019930943462534319453394436095 
213 13164036458569648337239753460458804039861886925068638906788872191 
214 26328072917139296674479506920917608079723773850137277813577744383 
215 52656145834278593348959013841835216159447547700274555627155488767 
216 105312291668557186697918027683670432318895095400549111254310977535 
217 210624583337114373395836055367340864637790190801098222508621955071 
218 421249166674228746791672110734681729275580381602196445017243910143 
219 842498333348457493583344221469363458551160763204392890034487820287 
220 1684996666696914987166688442938726917102321526408785780068975640575 
221 3369993333393829974333376885877453834204643052817571560137951281151 
222 6739986666787659948666753771754907668409286105635143120275902562303 
223 13479973333575319897333507543509815336818572211270286240551805124607 
224 26959946667150639794667015087019630673637144422540572481103610249215 
225 53919893334301279589334030174039261347274288845081144962207220498431 
226 107839786668602559178668060348078522694548577690162289924414440996863 
227 215679573337205118357336120696157045389097155380324579848828881993727 
228 431359146674410236714672241392314090778194310760649159697657763987455 
229 862718293348820473429344482784628181556388621521298319395315527974911 
230 1725436586697640946858688965569256363112777243042596638790631055949823 
231 3450873173395281893717377931138512726225554486085193277581262111899647 
232 6901746346790563787434755862277025452451108972170386555162524223799295 
233 13803492693581127574869511724554050904902217944340773110325048447598591 
234 27606985387162255149739023449108101809804435888681546220650096895197183 
235 55213970774324510299478046898216203619608871777363092441300193790394367 
236 110427941548649020598956093796432407239217743554726184882600387580788735 
237 220855883097298041197912187592864814478435487109452369765200775161577471 
238 441711766194596082395824375185729628956870974218904739530401550323154943 
239 883423532389192164791648750371459257913741948437809479060803100646309887 
240 1766847064778384329583297500742918515827483896875618958121606201292619775 
241 3533694129556768659166595001485837031654967793751237916243212402585239551 
242 7067388259113537318333190002971674063309935587502475832486424805170479103 
243 14134776518227074636666380005943348126619871175004951664972849610340958207 
244 28269553036454149273332760011886696253239742350009903329945699220681916415 
245 5653910607290829854666552002377339250647948469979576510013059716316519763 
246 11307822257805735410277279950060642094914564926428449423393006856727665663 
247 226156424291633194186662080095093570025917938800079226639565593765455331327 
248 452312848583266388373324160190187140051835877600158453279131187530910662655 
249 904625697166532776746648320380374280103671755200316906558262375061821325311 
250 1809251394333065553493296640760748560207343510400633813116524750123642650623 
251 3618502788666131106986593281521497120414687020801267626233049500247285301247 
252 7237005577332262213973186563042994240829374041602535252466099000494570602495 
253 14474011154664524427946373126085988481658748083205070504932198000989141204991 
254 28948022309329048855892746252171976963317496166410141009864396001978282409983 
255 57896044618658097711785492504343953926634992332820282019728792003956564819967 
256 115792089237316195423570985008687907853269984665640564039457584007913129639935 
257 231584178474632390847141970017375815706539969331281128078915168015826259279871 
258 463168356949264781694283940034751631413079938662562256157830336031652518559743 
259 926336713898529563388567880069503262826159877325124512315660672063305037119487 
260 1852673427797059126777135760139006525652319754650249024631321344126610074238975 
261 3705346855594118253554271520278013051304639509300498049262642688253220148477951 
262 7410693711188236507108543040556026102609279018600996098525285376506440296955903 
263 14821387422376473014217086081112052205218558037201992197050570753012880593911807 
264 29642774844752946028434172162224104410437116074403984394101141506025761187823615 
265 59285549689505892056868344324448208820874232148807968788202283012051522375647231 
266 118571099379011784113736688648896417641748464297615937576404566024103044751294463 
267 237142198758023568227473377297792835283496928595231875152809132048206089502588927 
268 474284397516047136454946754595585670566993857190463750305618264096412179005177855 
269 948568795032094272909893509191171341133987714380927500611236528192824358010355711 
270 1897137590064188545819787018382342682267975428761855001222473056385648716020711423 
271 3794275180128377091639574036764685364535950857523710002444946112771297432041422847 
272 7588550360256754183279148073529370729071901715047420004889892225542594864082845695 
273 15177100720513508366558296147058741458143803430094840009779784451085189728165691391 
274 30354201441027016733116592294117482916287606860189680019559568902170379456331382783 
275 60708402882054033466233184588234965832575213720379360039119137804340758912662765567 
276 121416805764108066932466369176469931665150427440758720078238275608681517825325531135 
277 242833611528216133864932738352939863330300854881517440156476551217363035650651062271 
278 485667223056432267729865476705879726660601709763034880312953102434726071301302124543 
279 971334446112864535459730953411759453321203419526069760625906204869452142602604249087 
280 1942668892225729070919461906823518906642406839052139521251812409738904285205208498175 
281 3885337784451458141838923813647037813284813678104279042503624819477808570410416996351 
282 7770675568902916283677847627294075626569627356208558085007249638955617140820833992703 
283 15541351137805832567355695254588151253139254712417116170014499277911234281641667985407 
284 31082702275611665134711390509176302506278509424834232340028998555822468563283335970815 
285 62165404551223330269422781018352605012557018849668464680057997111644937126566671941631 
286 124330809102446660538845562036705210025114037699336929360115994223289874253133343883263 
287 248661618204893321077691124073410420050228075398673858720231988446579748506266687766527 
288 497323236409786642155382248146820840100456150797347717440463976893159497012533375533055 
289 994646472819573284310764496293641680200912301594695434880927953786318994025066751066111 
290 1989292945639146568621528992587283360401824603189390869761855907572637988050133502132223 
291 3978585891278293137243057985174566720803649206378781739523711815145275976100267004264447 
292 7957171782556586274486115970349133441607298412757563479047423630290551952200534008528895 
293 15914343565113172548972231940698266883214596825515126958094847260581103904401068017057791 
294 31828687130226345097944463881396533766429193651030253916189694521162207808802136034115583 
295 63657374260452690195888927762793067532858387302060507832379389042324415617604272068231167 
296 127314748520905380391777855525586135065716774604121015664758778084648831235208544136462335 
297 254629497041810760783555711051172270131433549208242031329517556169297662470417088272924671 
298 509258994083621521567111422102344540262867098416484062659035112338595324940834176545849343 
299 1018517988167243043134222844204689080525734196832968125318070224677190649881668353091698687 
300 2037035976334486086268445688409378161051468393665936250636140449354381299763336706183397375 
301 4074071952668972172536891376818756322102936787331872501272280898708762599526673412366794751 
302 8148143905337944345073782753637512644205873574663745002544561797417525199053346824733589503 
303 16296287810675888690147565507275025288411747149327490005089123594835050398106693649467179007 
304 32592575621351777380295131014550050576823494298654980010178247189670100796213387298934358015 
305 65185151242703554760590262029100101153646988597309960020356494379340201592426774597868716031 
306 130370302485407109521180524058200202307293977194619920040712988758680403184853549195737432063 
307 260740604970814219042361048116400404614587954389239840081425977517360806369707098391474864127 
308 521481209941628438084722096232800809229175908778479680162851955034721612739414196782949728255 
309 1042962419883256876169444192465601618458351817556959360325703910069443225478828393565899456511 
310 2085924839766513752338888384931203236916703635113918720651407820138886450957656787131798913023 
311 4171849679533027504677776769862406473833407270227837441302815640277772901915313574263597826047 
312 8343699359066055009355553539724812947666814540455674882605631280555545803830627148527195652095 
313 16687398718132110018711107079449625895333629080911349765211262561111091607661254297054391304191 
314 33374797436264220037422214158899251790667258161822699530422525122222183215322508594108782608383 
315 66749594872528440074844428317798503581334516323645399060845050244444366430645017188217565216767 
316 133499189745056880149688856635597007162669032647290798121690100488888732861290034376435130433535 
317 266998379490113760299377713271194014325338065294581596243380200977777465722580068752870260867071 
318 533996758980227520598755426542388028650676130589163192486760401955554931445160137505740521734143 
319 1067993517960455041197510853084776057301352261178326384973520803911109862890320275011481043468287 
320 2135987035920910082395021706169552114602704522356652769947041607822219725780640550022962086936575 
321 4271974071841820164790043412339104229205409044713305539894083215644439451561281100045924173873151 
322 8543948143683640329580086824678208458410818089426611079788166431288878903122562200091848347746303 
323 17087896287367280659160173649356416916821636178853222159576332862577757806245124400183696695492607 
324 34175792574734561318320347298712833833643272357706444319152665725155515612490248800367393390985215 
325 68351585149469122636640694597425667667286544715412888638305331450311031224980497600734786781970431 
326 136703170298938245273281389194851335334573089430825777276610662900622062449960995201469573563940863 
327 273406340597876490546562778389702670669146178861651554553221325801244124899921990402939147127881727 
328 5468126811957529810931255567794053547363342436774833486781042188538299986342306049578076681976620755 
329 1093625362391505962186251113558810682676584715446606218212885303204976499599687961611756588511526911 
330 2187250724783011924372502227117621365353169430893212436425770606409952999199375923223513177023053823 
331 4374501449566023848745004454235242730706338861786424872851541212819905998398751846447026354046107647 
332 8749002899132047697490008908470485461412677723572849745703082425639811996797503692894052708092215295 
333 17498005798264095394980017816940970922825355447145699491406164851279623993595007385788105416184430591 
334 34996011596528190789960035633881941845650710894291398982812329702559247987190014771576210832368861183 
335 69992023193056381579920071267763883691301421788582797965624659405118495974380029543152421664737722367 
336 139984046386112763159840142535527767382602843577165595931249318810236991948760059086304843329475444735 
337 279968092772225526319680285071055534765205687154331191862498637620473983897520118172609686658950889471 
338 559936185544451052639360570142111069530411374308662383724997275240947967795040236345219373317901778943 
339 1119872371088902105278721140284222139060822748617324767449994550481895935590080472690438746635803557887 
340 2239744742177804210557442280568444278121645497234649534899989100963791871180160945380877493271607115775 
341 4479489484355608421114884561136888556243290994469299069799978201927583742360321890761754986543214231551 
342 8958978968711216842229769122273777112486581988938598139599956403855167484720643781523509973086428463103 
343 17917957937422433684459538244547554224973163977877196279199912807710334969441287563047019946172856926207 
344 35835915874844867368919076489095108449946327955754392558399825615420669938882575126094039892345713852415 
345 71671831749689734737838152978190216899892655911508785116799651230841339877765150252188079784691427704831 
346 143343663499379469475676305956380433799785311823017570233599302461682679755530300504376159569382855409663 
347 286687326998758938951352611912760867599570623646035140467198604923365359511060601008752319138765710819327 
348 573374653997517877902705223825521735199141247292070280934397209846730719022121202017504638277531421638655 
349 1146749307995035755805410447651043470398282494584140561868794419693461438044242404035009276555062843277311 
350 2293498615990071511610820895302086940796564989168281123737588839386922876088484808070018553110125686554623 
351 4586997231980143023221641790604173881593129978336562247475177678773845752176969616140037106220251373109247 
352 9173994463960286046443283581208347763186259956673124494950355357547691504353939232280074212440502746218495 
353 18347988927920572092886567162416695526372519913346248989900710715095383008707878464560148424881005492436991 
354 36695977855841144185773134324833391052745039826692497979801421430190766017415756929120296849762010984873983 
355 73391955711682288371546268649666782105490079653384995959602842860381532034831513858240593699524021969747967 
356 146783911423364576743092537299333564210980159306769991919205685720763064069663027716481187399048043939495935 
357 293567822846729153486185074598667128421960318613539983838411371441526128139326055432962374798096087878991871 
358 587135645693458306972370149197334256843920637227079967676822742883052256278652110865924749596192175757983743 
359 1174271291386916613944740298394668513687841274454159935353645485766104512557304221731849499192384351515967487 
360 2348542582773833227889480596789337027375682548908319870707290971532209025114608443463698998384768703031934975 
361 4697085165547666455778961193578674054751365097816639741414581943064418050229216886927397996769537406063869951 
362 9394170331095332911557922387157348109502730195633279482829163886128836100458433773854795993539074812127739903 
363 18788340662190665823115844774314696219005460391266558965658327772257672200916867547709591987078149624255479807 
364 37576681324381331646231689548629392438010920782533117931316655544515344401833735095419183974156299248510959615 
365 75153362648762663292463379097258784876021841565066235862633311089030688803667470190838367948312598497021919231 
366 150306725297525326584926758194517569752043683130132471725266622178061377607334940381676735896625196994043838463 
367 300613450595050653169853516389035139504087366260264943450533244356122755214669880763353471793250393988087676927 
368 601226901190101306339707032778070279008174732520529886901066488712245510429339761526706943586500787976175353855 
369 1202453802380202612679414065556140558016349465041059773802132977424491020858679523053413887173001575952350707711 
370 2404907604760405225358828131112281116032698930082119547604265954848982041717359046106827774346003151904701415423 
371 4809815209520810450717656262224562232065397860164239095208531909697964083434718092213655548692006303809402830847 
372 9619630419041620901435312524449124464130795720328478190417063819395928166869436184427311097384012607618805661695 
373 19239260838083241802870625048898248928261591440656956380834127638791856333738872368854622194768025215237611323391 
374 38478521676166483605741250097796497856523182881313912761668255277583712667477744737709244389536050430475222646783 
375 76957043352332967211482500195592995713046365762627825523336510555167425334955489475418488779072100860950445293567 
376 153914086704665934422965000391185991426092731525255651046673021110334850669910978950836977558144201721900890587135 
377 307828173409331868845930000782371982852185463050511302093346042220669701339821957901673955116288403443801781174271 
378 615656346818663737691860001564743965704370926101022604186692084441339402679643915803347910232576806887603562348543 
379 123131269363732747538372000312948793140874185220204520837338416888267880541131040107095820465153613775207124697087 
380 2462625387274654950767440006258975862817483704404090416746768337765357610718575663213391640930307227550414249394175 
381 4925250774549309901534880012517951725634967408808180833493536675530715221437151326426783281860614455100828498788351 
382 9850501549098619803069760025035903451269934817616361666987073351061430442874302652853566563721228910201656997576703 
383 19701003098197239606139520050071806902539869635232723333974146702122860885748605305707133127442457820403313995153407 
384 39402006196394479212279040100143613805079739270465446667948293404245721771497210611414266254884915640806627990306815 
385 78804012392788958424558080200287227610159478540930893335896586808491443542994421222828532509769831281613255980613631 
386 157608024785577916849116160400574455220318957081861786671793173616982887085988842445657065019539662563226511961227263 
387 315216049571155833698232320801148910440637914163723573343586347233965774171977684891314130039079325126453023922454527 
388 630432099142311667396464641602297820881275828327447146687172694467931548343955369782628260078158650252906047844909055 
389 1260864198284623334792929283204595641762551656654894293374345388935863096687910739565256520156317300505812095689818111 
390 2521728396569246669585858566409191283525103313309788586748690777871726193375821479130513040312634601011624191379636223 
391 5043456793138493339171717132818382567050206626619577173497381555743452386751642958261026080625269202023248382759272447 
392 10086913586276986678343434265636765134100413253239154346994763111486904773503285916522052161250538404046496765518544895 
393 20173827172553973356686868531273530268200826506478308693989526222973809547006571833044104322501076808092993531037089791 
394 40347654345107946713373737062547060536401653012956617387979052445947619094013143666088208645002153616185987062074179583 
395 80695308690215893426747474125094121072803306025913234775958104891895238188026287332176417290004307232371974124148359167 
396 161390617380431786853494948250188242145606612051826469551916209783790476376052574664352834580008614464743948248296718335 
397 322781234760863573706989896500376484291213224103652939103832419567580952752105149328705669160017228929487896496593436671 
398 645562469521727147413979793000752968582426448207305878207664839135161905504210298657411338320034457858975792993186873343 
399 1291124939043454294827959586001505937164852896414611756415329678270323811008420597314822676640068915717951585986373746687 
400 2582249878086908589655919172003011874329705792829223512830659356540647622016841194629645353280137831435903171972747493375 