1 11 
3 1727 
5 248831 
7 35831807 
9 5159780351 
11 743008370687 
13 106993205379071 
15 15407021574586367 
17 2218611106740436991 
19 319479999370622926847 
21 46005119909369701466111 
23 6624737266949237011120127 
25 953962166440690129601298431 
27 137370551967459378662586974207 
29 19781359483314150527412524285951 
31 2848515765597237675947403497177087 
33 410186270246002225336426103593500671 
35 59066822915424320448445358917464096767 
37 8505622499821102144576131684114829934591 
39 1224809639974238708818962962512535510581247 
41 176372588156290374069930666601805113523699711 
43 25397652694505813866070015990659936347412758527 
45 3657261988008837196714082302655030834027437228031 
47 526645726273272556326827851582324440099950960836607 
49 75836984583351248111063210627854719374392938360471551 
51 10920525780002579727993102330411079589912583123907903487 
53 1572555712320371480831006735579195460947411969842738102271 
55 226448022574133493239664969923404146376427323657354286727167 
57 32608515250675223026511755668970197078205534606659017288712191 
59 4695626196097232115817692816331708379261596983358898489574555647 
61 676170172238001424677747765551766006613669965603681382498736013311 
63 97368504802272205153595678239454304952368475046930119079817985916927 
65 14021064691527197542117777666481419913141060406757937147493789972037631 
67 2019033315579916446064959983973324467492312698573142949239105755973419007 
69 290740797443507968233354237692158723318893028594532584690431228860172337151 
71 41866674831865147425603010227670856157920596117612692195422096955864816549887 
73 6028801175788581229286833472784603286740565840936227676140781961644533583183871 
75 868147369313555697017304020080982873290641481094816785364272602476812835978477567 
77 125013221181152020370491778891661533753852373277653617092455254756661048380900769791 
79 18001903850085890933350816160399260860554741751982120861313556684959190966849710850047 
81 2592274154412368294402517527097493563919882812285425404029152162634123499226358362406911 
83 373287478235381034393962523902039073204463124969101258180197911419313783888595604186595327 
85 53753396865894868952730603441893626541442689995550581177948499244381184879957767002869727231 
87 7740489148688861129193206895632682221967747359359283689624583891190890622713918448413240721407 
89 1114630437411196002603821792971106239963355619747736851305940080331488249670804256571506663882751 
91 160506782987212224374950338187839298554723209243674106588055371567734307952595812946296959599116287 
93 23112976750158560309992848699048858991880142131089071348679973505753740345173797064266762182272745471 
95 3328268652022832684638970212663035694830740466876826274209916184828538609705026777254413754247275347967 
97 479270685891287906588011710623477140055626627230262983486227930615309559797523855924635580611607650107391 
99 69014978768345458548673686329780708168010234321157869622016822008604576610843435253147523608071501615464447 
101 9938156942641746031009010831488421976193473742246733225570422369239059031961454676453243399562296232626880511 
103 1431094599740411428465297559734332764571860218883529584482140821170424500602449473409267049536970657498270793727 
105 206077622362619245699002848601743918098347871519228260165428278248541128086752724170934455133323774679750994296831 
107 29675177620217171380656410198651124206162093498768869463821672067789922444492392280614561539198623553884143178743807 
109 4273225577311272678814523068605761885687341463822717202790320777761748832006904488408496861644601791759316617739108351 
111 615344483132823265749291321879229711538977170790471277201806191997691831808994246330823548076822658013341592954431602687 
113 88609605571126550267897950350609078461612712593827863917060091647667623780495171471638590923062462753921189385438150787071 
115 12759783202242223238577304850487707298472230613511212404056653197264137824391304691915957092920994636564651271503093713338367 
117 1837408781122880146355131898470229850980001208345614586184158060406035846712347875635897821380623227665309783096445494720724991 
119 264586864481694741075138993379713098541120174001768500410518760698469161926578094091569286278809744783804608765888151239784398847 
121 38100508485364042714820015046678686189921305056254664059114701540579559317427245549185977224148603248867863662287893778528953434111 
123 5486473221892422150934082166721730811348667928100671624512517021843456541709523359082780720277398867836972367369456704108169294512127 
125 790052143952508789734507832007929236834208181646496713929802451145457742006171363707920423719945436968524020901201765391576378409746431 
127 113767508729161265721769127809141810104125978157095526805891552964945914848888676373940541015672142923467459009773054216386998491003486207 
129 16382521256999222263934754404516420654994140854621755860048383626952211738239969397847437906256788580979314097407319807159727782704502013951 
131 2359083061007888006006604634250364574319156283065532843846967242281118490306555593290031058500977555661021230026654052231000800709448290009087 
133 339707960785135872864951067332052498701958504761436729513963282888481062604144005433764472424140768015187057123838183521264115302160553761308671 
135 48917946353059565692552953695815559813082024685646889050010712735941273014996736782462084029076270594186936225832698427062032603511119741628448767 
137 7044184274840577459727625332197440613083811554733152023201542633975543314159530096674540100186982965562918816519908573496932694905601242794496622591 
139 1014362535577043154200778047836431448284068863881573891341022139292478237238972333921133774426925547041060309578866834583558308066406578962407513653247 
141 146068205123094214204912038888446128552905916398946640353107188058116866162412016084643263517477278773912684579356824180032396361562547370586681966067711 
143 21033821537725566845507333599936242511618451961448316210847435080368828727387330316188629946516728143443426579427382681924665076065006821364482203113750527 
145 3028870301432481625753056038390818921673057082448557534362030651573111336743775565531162712298408852655853427437543106197151770953360982276485437248380076031 
147 436157323406277354108440069528277924720920219872592284948132413826528032491103681436487430570970874782442893551006207292389855017283981447813902963766730948607 
149 62806654570503938991615370012072021159812511661653289032531067591020036678718930126854190002219805968671776671344893850104139122488893328485202026782409256599551 
151 9044158258152567214792613281738371047013001679278073620684473733106885281735525938267003360319652059488735840673664714414996033638400639301869091856666932950335487 
153 1302358789173969678930136312570325430769872241816042601378564217567391480569915735110448483886029896566377961057007718875759428843929692059469149227360038344848310271 
155 187539665641051633765939629010126862030861602821510134598513247329704373202067865855904581679588305105558426392209111518109357753525875656563557488739845521658156679167 
157 27005711852311435262295306577458268132444070806297459382185907615477429741097772683250259761860715935200413400478112058607747516507726094545152278378537755118774561800191 
159 3888822506732846677770524147153990611071946196106834151034770696628749882718079266388037405707943094668859529668848136439515642377112557614501928086509436737103536899227647 
161 559990440969529921598955477190174647994360252239384117749006980314539983111403414359877386421943805632315772272314131647290252502304208296488277644457358890142909313488781311 
163 80638623499612308710249588715385149311187876322471312955857005165293757568042091667822343644759908011053471207213234957209796360331805994694311980801859680180578941142384508927 
165 11611961783944172454275940775015461500811054190435869065643408743802301089798061200166417484845426753591699853838705833838210675887780063235980925235467793946003367524503369285631 
167 1672122496887960833415735471602226456116791803422765145452650859107531356930920812823964117817741452517204778952773640072702337327840329105981253233907362328224484923528485177131007 
169 240785639551866360011865907910720609680818019692878180945181723711484515398052597046650832965754769162477488169199404170469136575209007391261300465682660175264325828988101865506865151 
171 34673132095468755841708690739143767794037794835774458056106168214453770217319573974717719947068686759396758296364714200547555666830097064341627267058303065238062919374286668632988581887 
173 4992931021747500841206051466436702562341442456351521960079288222881342911294018652359351672377890893353133194676518844878848016023533977265194326456395641394281060389897280283150355791871 
175 718982067131640121133671411166885168977167713714619162251417504094913379226338685939746640822416288642851180033418713662554114307388892726187983009720972360776472696145208360773651234029567 
177 103533417666956177443248683208031464332712150774905159364204120589667526608592770775323516278427945564570569924812294767407792460264000552571069553399820019951812068244910003951405777700257791 
179 14908812144041689551827810381956530863910549711586342948445393364912123831637358991646586344093624161298162069172970446506722114278016079570234015689574082873060937827267040569002431988837122047 
181 2146868948742003295463204695001740444403119158468433384576136644547345831755779694797108433549481879226935337960907744296967984456034315458113698259298667933720775047126453841936350206392545574911 
183 309149128618848474546701476080250623994049158819454407378963676814817799772832276050783614431125390608678688666370715178763389761668941425968372549339008182455791606786209353238834429720526562787327 
185 44517474521114180334725012555556089855143078870001434662570769461333763167287847751312840478082056247649731167957382985741928125680327565339445647104817178273633991377214146866392157879755825041375231 
187 6410516331040441968200401808000076939140603357280206591410190802432061896089450076189049028843816099661561288185863149946837650097967169408880173183093673671403294758318837148760470734684838805958033407 
189 923114351669823643420857860352011079236246883448349749163067475550216913036880810971223060153509518351264825498764293592344621614107272394878744938365489008682074445197912549421507785794616788057956810751 
191 132928466640454604652603531890689595410019551216562363879481716479231235477310836779856120662105370642582134871822058277297625512431447224862539271124630417250218720108499407116697121154424817480345780748287 
193 19141699196225463069974908592259301739042815375184980398645367173009297908732760496299281375343173372531827421542376391930858073790128400380205655041946780084031495695623914624804385446237173717169792427753471 
195 2756404684256466682076386837285339450422165414026637177404932872913338898857517511467096518049416965644583148702102200438043562625778489654749614326040336332100535380169843705971831504258153015272450109596499967 
197 396922274532931202218999704569088880860791819619835753546310333699520801435482521651261898599116043052819973413102716863078273018112102510283944462949808431822477094744457493659943736613174034199232815781895995391 
199 57156807532742093119535957457948798843954022025256348510668688052730995406709483117781713398272710199606076171486791228283271314608142761480888002664772414182436701643201879087031898072297060924689525472593023336447 
201 8230580284714861409213177873944627033529379171636914185536291079593263338566165568960566729351270268743274968694097936872791069303572557653247872383727227642270885036621070588532593322410776773155291668053395360448511 
203 1185203560998940042926697613848026292828230600715715642717225915461429920753527841930321609026582918699031595491950102909681913979714448302067693623256720780487007445273434164748693438427151855334362000199688931904585727 
205 170669312783847366181444456394115786167265206503063052551280531826445908588508009237966311699827940292660549750840814818994195613078880555497747881748967792390129072119374519723811855133509867168148128028755206194260344831 
207 24576381040874020730128001720752673208086189736441079567384396583008210836745153330267148884775223402143119164121077333935164168283358799991675694971851362104178586385189930840228907139225420872213330436140749691973489655807 
209 3538998869885858985138432247788384941964411322047515457703353107953182360491302079558469439407632169908609159633435136086663640232803667198801300075946596143001716439467350040992962628048460605598719582804267955644182510436351 
211 509615837263563693859934243681527431642875230374842225909282847545258259910747499456419599274699032466839718987214659596479564193523728076627387210936309844592247167283298405902986618438978327206215619923814585612762281502834687 
213 73384680565953171915830531090139950156574033173977280530936730046517189427147639921724422295556660675224919534158910981893057243867416843034343758374828617621283592088794970450030073055212879117695049269029300328237768536408195071 
215 10567394001497256755879596476980152822546660777052728396454889126698475277509260148728316810560159137232388412918883181392600243116908025396945501205975320937464837260786475744804330519950654592948087094740219247266238669242780090367 
217 1521704736215604972846661892685142006446719151895592889089504034244580439961333461416877620720662915761463931460319178120534435008834755657160152173660446214994936565553252507251823594872894261384524541642591571606338368370960333012991 
219 219125482015047116089919312546660448928327557872965376028888580931219583354432018444030377383775459869650806130285961649356958641272204814631061913007104254959270865439668361044262597661696773639371533996533186311312725045418287953870847 
221 31554069410166784716948381006719104645679168333707014148159955654095620003038210655940374343263666221229716082761178477507402044343197493306872915473023012714135004623312243990373814063284335404069500895500778828829032406540233465357402111 
223 4543785995064016999240566864967551068977800240053810037335033614189769280437502334455413905429967935857079115917609700761065894385420439036189699828115313830835440665756963134613829225112944298186008128952112151351380666541793619011465904127 
225 654305183289218447890641628555327353932803234567748645376244840443326776383000336161579602381915382763419392692135796909593488791500543221211316775248605191640303455869002691384391408416263978938785170569104149794598815982018281137651090194431 
227 94219946393647456496252394511967138966323665777755804934179257023839055799152048407267462742995815117932392547667554754981462385976078223854429615635799147596203697645136387559352362811942012967185064561950997570422229501410632483821756987998207 
229 13567672280685233735460344809723268011150607871996835910521813011432824035077894970646514634991397376982264526864127884717330583580555264235037864651555077253853332460899639808546740244919649867274649296920943650140801048203131077670333006271741951 
231 1953744808418673657906289652600150593605687533567544371115141073646326661051216875773098107438761222285446091868434415399295604035599958049845452509823931124554879874369548132430730595268429580887549498756615885620275350941250875184527952903130841087 
233 281339252412289006738505709974421685479219004833726389440580314605071039191375230111326127471181616009104237229054555817498566981126393959177745161414646081935902701909214931070025205718653859647807127820952687529319650535540126026572025218050841116671 
235 40512852347369616970344822236316722709007536696056600079443565303130229643558033136030962355850152705311010160983856037719793645282200730121595303243709035798769989074926950074083629623486155789284226406217187004222029677117778147826371631399321120800767 
237 5833850738021224843729654402029608070097085284232150411439873403650753068672356771588458579242421989564785463181675269431650284920636905137509723667094101155022878426789480810668042665782006433656928602495274928607972273504960053286997514921502241395310591 
239 840074506275056377497070233892263562093980280929429659247341770125708441888819375108738035410908766497329106698161238798157641028571714339801400208061550566323294493457685236736198143872608926446597718759319589719548007384714247673327642148696322760924725247 