1 6 
2 26 
3 126 
4 626 
5 3126 
6 15626 
7 78126 
8 390626 
9 1953126 
10 9765626 
11 48828126 
12 244140626 
13 1220703126 
14 6103515626 
15 30517578126 
16 152587890626 
17 762939453126 
18 3814697265626 
19 19073486328126 
20 95367431640626 
21 476837158203126 
22 2384185791015626 
23 11920928955078126 
24 59604644775390626 
25 298023223876953126 
26 1490116119384765626 
27 7450580596923828126 
28 37252902984619140626 
29 186264514923095703126 
30 931322574615478515626 
31 4656612873077392578126 
32 23283064365386962890626 
33 116415321826934814453126 
34 582076609134674072265626 
35 2910383045673370361328126 
36 14551915228366851806640626 
37 72759576141834259033203126 
38 363797880709171295166015626 
39 1818989403545856475830078126 
40 9094947017729282379150390626 
41 45474735088646411895751953126 
42 227373675443232059478759765626 
43 1136868377216160297393798828126 
44 5684341886080801486968994140626 
45 28421709430404007434844970703126 
46 142108547152020037174224853515626 
47 710542735760100185871124267578126 
48 3552713678800500929355621337890626 
49 17763568394002504646778106689453126 
50 88817841970012523233890533447265626 
51 444089209850062616169452667236328126 
52 2220446049250313080847263336181640626 
53 11102230246251565404236316680908203126 
54 55511151231257827021181583404541015626 
55 277555756156289135105907917022705078126 
56 1387778780781445675529539585113525390626 
57 6938893903907228377647697925567626953126 
58 34694469519536141888238489627838134765626 
59 173472347597680709441192448139190673828126 
60 867361737988403547205962240695953369140626 
61 4336808689942017736029811203479766845703126 
62 21684043449710088680149056017398834228515626 
63 108420217248550443400745280086994171142578126 
64 542101086242752217003726400434970855712890626 
65 2710505431213761085018632002174854278564453126 
66 13552527156068805425093160010874271392822265626 
67 67762635780344027125465800054371356964111328126 
68 338813178901720135627329000271856784820556640626 
69 1694065894508600678136645001359283924102783203126 
70 8470329472543003390683225006796419620513916015626 
71 42351647362715016953416125033982098102569580078126 
72 211758236813575084767080625169910490512847900390626 
73 1058791184067875423835403125849552452564239501953126 
74 5293955920339377119177015629247762262821197509765626 
75 26469779601696885595885078146238811314105987548828126 
76 132348898008484427979425390731194056570529937744140626 
77 661744490042422139897126953655970282852649688720703126 
78 3308722450212110699485634768279851414263248443603515626 
79 16543612251060553497428173841399257071316242218017578126 
80 82718061255302767487140869206996285356581211090087890626 
81 413590306276513837435704346034981426782906055450439453126 
82 2067951531382569187178521730174907133914530277252197265626 
83 10339757656912845935892608650874535669572651386260986328126 
84 51698788284564229679463043254372678347863256931304931640626 
85 258493941422821148397315216271863391739316284656524658203126 
86 1292469707114105741986576081359316958696581423282623291015626 
87 6462348535570528709932880406796584793482907116413116455078126 
88 32311742677852643549664402033982923967414535582065582275390626 
89 161558713389263217748322010169914619837072677910327911376953126 
90 807793566946316088741610050849573099185363389551639556884765626 
91 4038967834731580443708050254247865495926816947758197784423828126 
92 20194839173657902218540251271239327479634084738790988922119140626 
93 100974195868289511092701256356196637398170423693954944610595703126 
94 504870979341447555463506281780983186990852118469774723052978515626 
95 2524354896707237777317531408904915934954260592348873615264892578126 
96 12621774483536188886587657044524579674771302961744368076324462890626 
97 63108872417680944432938285222622898373856514808721840381622314453126 
98 315544362088404722164691426113114491869282574043609201908111572265626 
99 1577721810442023610823457130565572459346412870218046009540557861328126 
100 7888609052210118054117285652827862296732064351090230047702789306640626 
101 39443045261050590270586428264139311483660321755451150238513946533203126 
102 197215226305252951352932141320696557418301608777255751192569732666015626 
103 986076131526264756764660706603482787091508043886278755962848663330078126 
104 4930380657631323783823303533017413935457540219431393779814243316650390626 
105 24651903288156618919116517665087069677287701097156968899071216583251953126 
106 123259516440783094595582588325435348386438505485784844495356082916259765626 
107 616297582203915472977912941627176741932192527428924222476780414581298828126 
108 3081487911019577364889564708135883709660962637144621112383902072906494140626 
109 15407439555097886824447823540679418548304813185723105561919510364532470703126 
110 77037197775489434122239117703397092741524065928615527809597551822662353515626 
111 385185988877447170611195588516985463707620329643077639047987759113311767578126 
112 1925929944387235853055977942584927318538101648215388195239938795566558837890626 
113 9629649721936179265279889712924636592690508241076940976199693977832794189453126 
114 48148248609680896326399448564623182963452541205384704880998469889163970947265626 
115 240741243048404481631997242823115914817262706026923524404992349445819854736328126 
116 1203706215242022408159986214115579574086313530134617622024961747229099273681640626 
117 6018531076210112040799931070577897870431567650673088110124808736145496368408203126 
118 30092655381050560203999655352889489352157838253365440550624043680727481842041015626 
119 150463276905252801019998276764447446760789191266827202753120218403637409210205078126 
120 752316384526264005099991383822237233803945956334136013765601092018187046051025390626 
121 3761581922631320025499956919111186169019729781670680068828005460090935230255126953126 
122 18807909613156600127499784595555930845098648908353400344140027300454676151275634765626 
123 94039548065783000637498922977779654225493244541767001720700136502273380756378173828126 
124 470197740328915003187494614888898271127466222708835008603500682511366903781890869140626 
125 2350988701644575015937473074444491355637331113544175043017503412556834518909454345703126 
126 11754943508222875079687365372222456778186655567720875215087517062784172594547271728515626 
127 58774717541114375398436826861112283890933277838604376075437585313920862972736358642578126 
128 293873587705571876992184134305561419454666389193021880377187926569604314863681793212890626 
129 1469367938527859384960920671527807097273331945965109401885939632848021574318408966064453126 
130 7346839692639296924804603357639035486366659729825547009429698164240107871592044830322265626 
131 36734198463196484624023016788195177431833298649127735047148490821200539357960224151611328126 
132 183670992315982423120115083940975887159166493245638675235742454106002696789801120758056640626 
133 918354961579912115600575419704879435795832466228193376178712270530013483949005603790283203126 
134 4591774807899560578002877098524397178979162331140966880893561352650067419745028018951416015626 
135 22958874039497802890014385492621985894895811655704834404467806763250337098725140094757080078126 
136 114794370197489014450071927463109929474479058278524172022339033816251685493625700473785400390626 
137 573971850987445072250359637315549647372395291392620860111695169081258427468128502368927001953126 
138 2869859254937225361251798186577748236861976456963104300558475845406292137340642511844635009765626 
139 14349296274686126806258990932888741184309882284815521502792379227031460686703212559223175048828126 
140 71746481373430634031294954664443705921549411424077607513961896135157303433516062796115875244140626 
141 358732406867153170156474773322218529607747057120388037569809480675786517167580313980579376220703126 
142 1793662034335765850782373866611092648038735285601940187849047403378932585837901569902896881103515626 
143 8968310171678829253911869333055463240193676428009700939245237016894662929189507849514484405517578126 
144 44841550858394146269559346665277316200968382140048504696226185084473314645947539247572422027587890626 
145 224207754291970731347796733326386581004841910700242523481130925422366573229737696237862110137939453126 
146 1121038771459853656738983666631932905024209553501212617405654627111832866148688481189310550689697265626 
147 5605193857299268283694918333159664525121047767506063087028273135559164330743442405946552753448486328126 
148 28025969286496341418474591665798322625605238837530315435141365677795821653717212029732763767242431640626 
149 140129846432481707092372958328991613128026194187651577175706828388979108268586060148663818836212158203126 
150 700649232162408535461864791644958065640130970938257885878534141944895541342930300743319094181060791015626 
151 3503246160812042677309323958224790328200654854691289429392670709724477706714651503716595470905303955078126 
152 17516230804060213386546619791123951641003274273456447146963353548622388533573257518582977354526519775390626 
153 87581154020301066932733098955619758205016371367282235734816767743111942667866287592914886772632598876953126 
154 437905770101505334663665494778098791025081856836411178674083838715559713339331437964574433863162994384765626 
155 2189528850507526673318327473890493955125409284182055893370419193577798566696657189822872169315814971923828126 
156 10947644252537633366591637369452469775627046420910279466852095967888992833483285949114360846579074859619140626 
157 54738221262688166832958186847262348878135232104551397334260479839444964167416429745571804232895374298095703126 
158 273691106313440834164790934236311744390676160522756986671302399197224820837082148727859021164476871490478515626 
159 1368455531567204170823954671181558721953380802613784933356511995986124104185410743639295105822384357452392578126 
160 6842277657836020854119773355907793609766904013068924666782559979930620520927053718196475529111921787261962890626 
161 34211388289180104270598866779538968048834520065344623333912799899653102604635268590982377645559608936309814453126 
162 171056941445900521352994333897694840244172600326723116669563999498265513023176342954911888227798044681549072265626 
163 855284707229502606764971669488474201220863001633615583347819997491327565115881714774559441138990223407745361328126 
164 4276423536147513033824858347442371006104315008168077916739099987456637825579408573872797205694951117038726806640626 
165 21382117680737565169124291737211855030521575040840389583695499937283189127897042869363986028474755585193634033203126 
166 106910588403687825845621458686059275152607875204201947918477499686415945639485214346819930142373777925968170166015626 
167 534552942018439129228107293430296375763039376021009739592387498432079728197426071734099650711868889629840850830078126 
168 2672764710092195646140536467151481878815196880105048697961937492160398640987130358670498253559344448149204254150390626 
169 13363823550460978230702682335757409394075984400525243489809687460801993204935651793352491267796722240746021270751953126 
170 66819117752304891153513411678787046970379922002626217449048437304009966024678258966762456338983611203730106353759765626 
171 334095588761524455767567058393935234851899610013131087245242186520049830123391294833812281694918056018650531768798828126 
172 1670477943807622278837835291969676174259498050065655436226210932600249150616956474169061408474590280093252658843994140626 
173 8352389719038111394189176459848380871297490250328277181131054663001245753084782370845307042372951400466263294219970703126 
174 41761948595190556970945882299241904356487451251641385905655273315006228765423911854226535211864757002331316471099853515626 
175 208809742975952784854729411496209521782437256258206929528276366575031143827119559271132676059323785011656582355499267578126 
176 1044048714879763924273647057481047608912186281291034647641381832875155719135597796355663380296618925058282911777496337890626 
177 5220243574398819621368235287405238044560931406455173238206909164375778595677988981778316901483094625291414558887481689453126 
178 26101217871994098106841176437026190222804657032275866191034545821878892978389944908891584507415473126457072794437408447265626 
179 130506089359970490534205882185130951114023285161379330955172729109394464891949724544457922537077365632285363972187042236328126 
180 652530446799852452671029410925654755570116425806896654775863645546972324459748622722289612685386828161426819860935211181640626 
181 3262652233999262263355147054628273777850582129034483273879318227734861622298743113611448063426934140807134099304676055908203126 
182 16313261169996311316775735273141368889252910645172416369396591138674308111493715568057240317134670704035670496523380279541015626 
183 81566305849981556583878676365706844446264553225862081846982955693371540557468577840286201585673353520178352482616901397705078126 
184 407831529249907782919393381828534222231322766129310409234914778466857702787342889201431007928366767600891762413084506988525390626 
185 2039157646249538914596966909142671111156613830646552046174573892334288513936714446007155039641833838004458812065422534942626953126 
186 10195788231247694572984834545713355555783069153232760230872869461671442569683572230035775198209169190022294060327112674713134765626 
187 50978941156238472864924172728566777778915345766163801154364347308357212848417861150178875991045845950111470301635563373565673828126 
188 254894705781192364324620863642833888894576728830819005771821736541786064242089305750894379955229229750557351508177816867828369140626 
189 1274473528905961821623104318214169444472883644154095028859108682708930321210446528754471899776146148752786757540889084339141845703126 
190 6372367644529809108115521591070847222364418220770475144295543413544651606052232643772359498880730743763933787704445421695709228515626 
191 31861838222649045540577607955354236111822091103852375721477717067723258030261163218861797494403653718819668938522227108478546142578126 
192 159309191113245227702888039776771180559110455519261878607388585338616290151305816094308987472018268594098344692611135542392730712890626 
193 796545955566226138514440198883855902795552277596309393036942926693081450756529080471544937360091342970491723463055677711963653564453126 
194 3982729777831130692572200994419279513977761387981546965184714633465407253782645402357724686800456714852458617315278388559818267822265626 
195 19913648889155653462861004972096397569888806939907734825923573167327036268913227011788623434002283574262293086576391942799091339111328126 
196 99568244445778267314305024860481987849444034699538674129617865836635181344566135058943117170011417871311465432881959713995456695556640626 
197 497841222228891336571525124302409939247220173497693370648089329183175906722830675294715585850057089356557327164409798569977283477783203126 
198 2489206111144456682857625621512049696236100867488466853240446645915879533614153376473577929250285446782786635822048992849886417388916015626 
199 12446030555722283414288128107560248481180504337442334266202233229579397668070766882367889646251427233913933179110244964249432086944580078126 
200 62230152778611417071440640537801242405902521687211671331011166147896988340353834411839448231257136169569665895551224821247160434722900390626 
201 311150763893057085357203202689006212029512608436058356655055830739484941701769172059197241156285680847848329477756124106235802173614501953126 
202 1555753819465285426786016013445031060147563042180291783275279153697424708508845860295986205781428404239241647388780620531179010868072509765626 
203 7778769097326427133930080067225155300737815210901458916376395768487123542544229301479931028907142021196208236943903102655895054340362548828126 
204 38893845486632135669650400336125776503689076054507294581881978842435617712721146507399655144535710105981041184719515513279475271701812744140626 
205 194469227433160678348252001680628882518445380272536472909409894212178088563605732536998275722678550529905205923597577566397376358509063720703126 
206 972346137165803391741260008403144412592226901362682364547049471060890442818028662684991378613392752649526029617987887831986881792545318603515626 
207 4861730685829016958706300042015722062961134506813411822735247355304452214090143313424956893066963763247630148089939439159934408962726593017578126 
208 24308653429145084793531500210078610314805672534067059113676236776522261070450716567124784465334818816238150740449697195799672044813632965087890626 
209 121543267145725423967657501050393051574028362670335295568381183882611305352253582835623922326674094081190753702248485978998360224068164825439453126 
210 607716335728627119838287505251965257870141813351676477841905919413056526761267914178119611633370470405953768511242429894991801120340824127197265626 
211 3038581678643135599191437526259826289350709066758382389209529597065282633806339570890598058166852352029768842556212149474959005601704120635986328126 
212 15192908393215677995957187631299131446753545333791911946047647985326413169031697854452990290834261760148844212781060747374795028008520603179931640626 
213 75964541966078389979785938156495657233767726668959559730238239926632065845158489272264951454171308800744221063905303736873975140042603015899658203126 
214 379822709830391949898929690782478286168838633344797798651191199633160329225792446361324757270856544003721105319526518684369875700213015079498291015626 
215 1899113549151959749494648453912391430844193166723988993255955998165801646128962231806623786354282720018605526597632593421849378501065075397491455078126 
216 9495567745759798747473242269561957154220965833619944966279779990829008230644811159033118931771413600093027632988162967109246892505325376987457275390626 
217 47477838728798993737366211347809785771104829168099724831398899954145041153224055795165594658857068000465138164940814835546234462526626884937286376953126 
218 237389193643994968686831056739048928855524145840498624156994499770725205766120278975827973294285340002325690824704074177731172312633134424686431884765626 
219 1186945968219974843434155283695244644277620729202493120784972498853626028830601394879139866471426700011628454123520370888655861563165672123432159423828126 
220 5934729841099874217170776418476223221388103646012465603924862494268130144153006974395699332357133500058142270617601854443279307815828360617160797119140626 
221 29673649205499371085853882092381116106940518230062328019624312471340650720765034871978496661785667500290711353088009272216396539079141803085803985595703126 
222 148368246027496855429269410461905580534702591150311640098121562356703253603825174359892483308928337501453556765440046361081982695395709015429019927978515626 
223 741841230137484277146347052309527902673512955751558200490607811783516268019125871799462416544641687507267783827200231805409913476978545077145099639892578126 
224 3709206150687421385731735261547639513367564778757791002453039058917581340095629358997312082723208437536338919136001159027049567384892725385725498199462890626 
225 18546030753437106928658676307738197566837823893788955012265195294587906700478146794986560413616042187681694595680005795135247836924463626928627490997314453126 
226 92730153767185534643293381538690987834189119468944775061325976472939533502390733974932802068080210938408472978400028975676239184622318134643137454986572265626 
227 463650768835927673216466907693454939170945597344723875306629882364697667511953669874664010340401054692042364892000144878381195923111590673215687274932861328126 
228 2318253844179638366082334538467274695854727986723619376533149411823488337559768349373320051702005273460211824460000724391905979615557953366078436374664306640626 
229 11591269220898191830411672692336373479273639933618096882665747059117441687798841746866600258510026367301059122300003621959529898077789766830392181873321533203126 
230 57956346104490959152058363461681867396368199668090484413328735295587208438994208734333001292550131836505295611500018109797649490388948834151960909366607666015626 
231 289781730522454795760291817308409336981840998340452422066643676477936042194971043671665006462750659182526478057500090548988247451944744170759804546833038330078126 
232 1448908652612273978801459086542046684909204991702262110333218382389680210974855218358325032313753295912632390287500452744941237259723720853799022734165191650390626 
233 7244543263061369894007295432710233424546024958511310551666091911948401054874276091791625161568766479563161951437502263724706186298618604268995113670825958251953126 
234 36222716315306849470036477163551167122730124792556552758330459559742005274371380458958125807843832397815809757187511318623530931493093021344975568354129791259765626 
235 181113581576534247350182385817755835613650623962782763791652297798710026371856902294790629039219161989079048785937556593117654657465465106724877841770648956298828126 
236 905567907882671236750911929088779178068253119813913818958261488993550131859284511473953145196095809945395243929687782965588273287327325533624389208853244781494140626 
237 4527839539413356183754559645443895890341265599069569094791307444967750659296422557369765725980479049726976219648438914827941366436636627668121946044266223907470703126 
238 22639197697066780918772798227219479451706327995347845473956537224838753296482112786848828629902395248634881098242194574139706832183183138340609730221331119537353515626 
239 113195988485333904593863991136097397258531639976739227369782686124193766482410563934244143149511976243174405491210972870698534160915915691703048651106655597686767578126 
240 565979942426669522969319955680486986292658199883696136848913430620968832412052819671220715747559881215872027456054864353492670804579578458515243255533277988433837890626 
241 2829899712133347614846599778402434931463290999418480684244567153104844162060264098356103578737799406079360137280274321767463354022897892292576216277666389942169189453126 
242 14149498560666738074232998892012174657316454997092403421222835765524220810301320491780517893688997030396800686401371608837316770114489461462881081388331949710845947265626 
243 70747492803333690371164994460060873286582274985462017106114178827621104051506602458902589468444985151984003432006858044186583850572447307314405406941659748554229736328126 
244 353737464016668451855824972300304366432911374927310085530570894138105520257533012294512947342224925759920017160034290220932919252862236536572027034708298742771148681640626 
245 1768687320083342259279124861501521832164556874636550427652854470690527601287665061472564736711124628799600085800171451104664596264311182682860135173541493713855743408203126 
246 8843436600416711296395624307507609160822784373182752138264272353452638006438325307362823683555623143998000429000857255523322981321555913414300675867707468569278717041015626 
247 44217183002083556481978121537538045804113921865913760691321361767263190032191626536814118417778115719990002145004286277616614906607779567071503379338537342846393585205078126 
248 221085915010417782409890607687690229020569609329568803456606808836315950160958132684070592088890578599950010725021431388083074533038897835357516896692686714231967926025390626 
249 1105429575052088912049453038438451145102848046647844017283034044181579750804790663420352960444452892999750053625107156940415372665194489176787584483463433571159839630126953126 
250 5527147875260444560247265192192255725514240233239220086415170220907898754023953317101764802222264464998750268125535784702076863325972445883937922417317167855799198150634765626 
251 27635739376302222801236325960961278627571201166196100432075851104539493770119766585508824011111322324993751340627678923510384316629862229419689612086585839278995990753173828126 
252 138178696881511114006181629804806393137856005830980502160379255522697468850598832927544120055556611624968756703138394617551921583149311147098448060432929196394979953765869140626 
253 690893484407555570030908149024031965689280029154902510801896277613487344252994164637720600277783058124843783515691973087759607915746555735492240302164645981974899768829345703126 
254 3454467422037777850154540745120159828446400145774512554009481388067436721264970823188603001388915290624218917578459865438798039578732778677461201510823229909874498844146728515626 
255 17272337110188889250772703725600799142232000728872562770047406940337183606324854115943015006944576453121094587892299327193990197893663893387306007554116149549372494220733642578126 
256 86361685550944446253863518628003995711160003644362813850237034701685918031624270579715075034722882265605472939461496635969950989468319466936530037770580747746862471103668212890626 
257 431808427754722231269317593140019978555800018221814069251185173508429590158121352898575375173614411328027364697307483179849754947341597334682650188852903738734312355518341064453126 
258 2159042138773611156346587965700099892779000091109070346255925867542147950790606764492876875868072056640136823486537415899248774736707986673413250944264518693671561777591705322265626 
259 10795210693868055781732939828500499463895000455545351731279629337710739753953033822464384379340360283200684117432687079496243873683539933367066254721322593468357808887958526611328126 
260 53976053469340278908664699142502497319475002277726758656398146688553698769765169112321921896701801416003420587163435397481219368417699666835331273606612967341789044439792633056640626 
261 269880267346701394543323495712512486597375011388633793281990733442768493848825845561609609483509007080017102935817176987406096842088498334176656368033064836708945222198963165283203126 
262 1349401336733506972716617478562562432986875056943168966409953667213842469244129227808048047417545035400085514679085884937030484210442491670883281840165324183544726110994815826416015626 
263 6747006683667534863583087392812812164934375284715844832049768336069212346220646139040240237087725177000427573395429424685152421052212458354416409200826620917723630554974079132080078126 
264 33735033418337674317915436964064060824671876423579224160248841680346061731103230695201201185438625885002137866977147123425762105261062291772082046004133104588618152774870395660400390626 
265 168675167091688371589577184820320304123359382117896120801244208401730308655516153476006005927193129425010689334885735617128810526305311458860410230020665522943090763874351978302001953126 
266 843375835458441857947885924101601520616796910589480604006221042008651543277580767380030029635965647125053446674428678085644052631526557294302051150103327614715453819371759891510009765626 
267 4216879177292209289739429620508007603083984552947403020031105210043257716387903836900150148179828235625267233372143390428220263157632786471510255750516638073577269096858799457550048828126 
268 21084395886461046448697148102540038015419922764737015100155526050216288581939519184500750740899141178126336166860716952141101315788163932357551278752583190367886345484293997287750244140626 
269 105421979432305232243485740512700190077099613823685075500777630251081442909697595922503753704495705890631680834303584760705506578940819661787756393762915951839431727421469986438751220703126 
270 527109897161526161217428702563500950385498069118425377503888151255407214548487979612518768522478529453158404171517923803527532894704098308938781968814579759197158637107349932193756103515626 
271 2635549485807630806087143512817504751927490345592126887519440756277036072742439898062593842612392647265792020857589619017637664473520491544693909844072898795985793185536749660968780517578126 
272 13177747429038154030435717564087523759637451727960634437597203781385180363712199490312969213061963236328960104287948095088188322367602457723469549220364493979928965927683748304843902587890626 
273 65888737145190770152178587820437618798187258639803172187986018906925901818560997451564846065309816181644800521439740475440941611838012288617347746101822469899644829638418741524219512939453126 
274 329443685725953850760892939102188093990936293199015860939930094534629509092804987257824230326549080908224002607198702377204708059190061443086738730509112349498224148192093707621097564697265626 
275 1647218428629769253804464695510940469954681465995079304699650472673147545464024936289121151632745404541120013035993511886023540295950307215433693652545561747491120740960468538105487823486328126 
276 8236092143148846269022323477554702349773407329975396523498252363365737727320124681445605758163727022705600065179967559430117701479751536077168468262727808737455603704802342690527439117431640626 
277 41180460715744231345111617387773511748867036649876982617491261816828688636600623407228028790818635113528000325899837797150588507398757680385842341313639043687278018524011713452637195587158203126 
278 205902303578721156725558086938867558744335183249384913087456309084143443183003117036140143954093175567640001629499188985752942536993788401929211706568195218436390092620058567263185977935791015626 
279 1029511517893605783627790434694337793721675916246924565437281545420717215915015585180700719770465877838200008147495944928764712684968942009646058532840976092181950463100292836315929889678955078126 
280 5147557589468028918138952173471688968608379581234622827186407727103586079575077925903503598852329389191000040737479724643823563424844710048230292664204880460909752315501464181579649448394775390626 
281 25737787947340144590694760867358444843041897906173114135932038635517930397875389629517517994261646945955000203687398623219117817124223550241151463321024402304548761577507320907898247241973876953126 
282 128688939736700722953473804336792224215209489530865570679660193177589651989376948147587589971308234729775001018436993116095589085621117751205757316605122011522743807887536604539491236209869384765626 
283 643444698683503614767369021683961121076047447654327853398300965887948259946884740737937949856541173648875005092184965580477945428105588756028786583025610057613719039437683022697456181049346923828126 
284 3217223493417518073836845108419805605380237238271639266991504829439741299734423703689689749282705868244375025460924827902389727140527943780143932915128050288068595197188415113487280905246734619140626 
285 16086117467087590369184225542099028026901186191358196334957524147198706498672118518448448746413529341221875127304624139511948635702639718900719664575640251440342975985942075567436404526233673095703126 
286 80430587335437951845921127710495140134505930956790981674787620735993532493360592592242243732067646706109375636523120697559743178513198594503598322878201257201714879929710377837182022631168365478515626 
287 402152936677189759229605638552475700672529654783954908373938103679967662466802962961211218660338233530546878182615603487798715892565992972517991614391006286008574399648551889185910113155841827392578126 
288 2010764683385948796148028192762378503362648273919774541869690518399838312334014814806056093301691167652734390913078017438993579462829964862589958071955031430042871998242759445929550565779209136962890626 
289 10053823416929743980740140963811892516813241369598872709348452591999191561670074074030280466508455838263671954565390087194967897314149824312949790359775157150214359991213797229647752828896045684814453126 
290 50269117084648719903700704819059462584066206847994363546742262959995957808350370370151402332542279191318359772826950435974839486570749121564748951798875785751071799956068986148238764144480228424072265626 
291 251345585423243599518503524095297312920331034239971817733711314799979789041751851850757011662711395956591798864134752179874197432853745607823744758994378928755358999780344930741193820722401142120361328126 
292 1256727927116217997592517620476486564601655171199859088668556573999898945208759259253785058313556979782958994320673760899370987164268728039118723794971894643776794998901724653705969103612005710601806640626 
293 6283639635581089987962588102382432823008275855999295443342782869999494726043796296268925291567784898914794971603368804496854935821343640195593618974859473218883974994508623268529845518060028553009033203126 
294 31418198177905449939812940511912164115041379279996477216713914349997473630218981481344626457838924494573974858016844022484274679106718200977968094874297366094419874972543116342649227590300142765045166015626 
295 157090990889527249699064702559560820575206896399982386083569571749987368151094907406723132289194622472869874290084220112421373395533591004889840474371486830472099374862715581713246137951500713825225830078126 
296 785454954447636248495323512797804102876034481999911930417847858749936840755474537033615661445973112364349371450421100562106866977667955024449202371857434152360496874313577908566230689757503569126129150390626 
297 3927274772238181242476617563989020514380172409999559652089239293749684203777372685168078307229865561821746857252105502810534334888339775122246011859287170761802484371567889542831153448787517845630645751953126 
298 19636373861190906212383087819945102571900862049997798260446196468748421018886863425840391536149327809108734286260527514052671674441698875611230059296435853809012421857839447714155767243937589228153228759765626 
299 98181869305954531061915439099725512859504310249988991302230982343742105094434317129201957680746639045543671431302637570263358372208494378056150296482179269045062109289197238570778836219687946140766143798828126 
300 490909346529772655309577195498627564297521551249944956511154911718710525472171585646009788403733195227718357156513187851316791861042471890280751482410896345225310546445986192853894181098439730703830718994140626 
301 2454546732648863276547885977493137821487607756249724782555774558593552627360857928230048942018665976138591785782565939256583959305212359451403757412054481726126552732229930964269470905492198653519153594970703126 
302 12272733663244316382739429887465689107438038781248623912778872792967763136804289641150244710093329880692958928912829696282919796526061797257018787060272408630632763661149654821347354527460993267595767974853515626 
303 61363668316221581913697149437328445537190193906243119563894363964838815684021448205751223550466649403464794644564148481414598982630308986285093935301362043153163818305748274106736772637304966337978839874267578126 
304 306818341581107909568485747186642227685950969531215597819471819824194078420107241028756117752333247017323973222820742407072994913151544931425469676506810215765819091528741370533683863186524831689894199371337890626 
305 1534091707905539547842428735933211138429754847656077989097359099120970392100536205143780588761666235086619866114103712035364974565757724657127348382534051078829095457643706852668419315932624158449470996856689453126 
306 7670458539527697739212143679666055692148774238280389945486795495604851960502681025718902943808331175433099330570518560176824872828788623285636741912670255394145477288218534263342096579663120792247354984283447265626 
307 38352292697638488696060718398330278460743871191401949727433977478024259802513405128594514719041655877165496652852592800884124364143943116428183709563351276970727386441092671316710482898315603961236774921417236328126 
308 191761463488192443480303591991651392303719355957009748637169887390121299012567025642972573595208279385827483264262964004420621820719715582140918547816756384853636932205463356583552414491578019806183874607086181640626 
309 958807317440962217401517959958256961518596779785048743185849436950606495062835128214862867976041396929137416321314820022103109103598577910704592739083781924268184661027316782917762072457890099030919373035430908203126 
310 4794036587204811087007589799791284807592983898925243715929247184753032475314175641074314339880206984645687081606574100110515545517992889553522963695418909621340923305136583914588810362289450495154596865177154541015626 
311 23970182936024055435037948998956424037964919494626218579646235923765162376570878205371571699401034923228435408032870500552577727589964447767614818477094548106704616525682919572944051811447252475772984325885772705078126 
312 119850914680120277175189744994782120189824597473131092898231179618825811882854391026857858497005174616142177040164352502762888637949822238838074092385472740533523082628414597864720259057236262378864921629428863525390626 
313 599254573400601385875948724973910600949122987365655464491155898094129059414271955134289292485025873080710885200821762513814443189749111194190370461927363702667615413142072989323601295286181311894324608147144317626953126 
314 2996272867003006929379743624869553004745614936828277322455779490470645297071359775671446462425129365403554426004108812569072215948745555970951852309636818513338077065710364946618006476430906559471623040735721588134765626 
315 14981364335015034646898718124347765023728074684141386612278897452353226485356798878357232312125646827017772130020544062845361079743727779854759261548184092566690385328551824733090032382154532797358115203678607940673828126 
316 74906821675075173234493590621738825118640373420706933061394487261766132426783994391786161560628234135088860650102720314226805398718638899273796307740920462833451926642759123665450161910772663986790576018393039703369140626 
317 374534108375375866172467953108694125593201867103534665306972436308830662133919971958930807803141170675444303250513601571134026993593194496368981538704602314167259633213795618327250809553863319933952880091965198516845703126 
318 1872670541876879330862339765543470627966009335517673326534862181544153310669599859794654039015705853377221516252568007855670134967965972481844907693523011570836298166068978091636254047769316599669764400459825992584228515626 
319 9363352709384396654311698827717353139830046677588366632674310907720766553347999298973270195078529266886107581262840039278350674839829862409224538467615057854181490830344890458181270238846582998348822002299129962921142578126 
320 46816763546921983271558494138586765699150233387941833163371554538603832766739996494866350975392646334430537906314200196391753374199149312046122692338075289270907454151724452290906351194232914991744110011495649814605712890626 
321 234083817734609916357792470692933828495751166939709165816857772693019163833699982474331754876963231672152689531571000981958766870995746560230613461690376446354537270758622261454531755971164574958720550057478249073028564453126 
322 1170419088673049581788962353464669142478755834698545829084288863465095819168499912371658774384816158360763447657855004909793834354978732801153067308451882231772686353793111307272658779855822874793602750287391245365142822265626 
323 5852095443365247908944811767323345712393779173492729145421444317325479095842499561858293871924080791803817238289275024548969171774893664005765336542259411158863431768965556536363293899279114373968013751436956226825714111328126 
324 29260477216826239544724058836616728561968895867463645727107221586627395479212497809291469359620403959019086191446375122744845858874468320028826682711297055794317158844827782681816469496395571869840068757184781134128570556640626 
325 146302386084131197723620294183083642809844479337318228635536107933136977396062489046457346798102019795095430957231875613724229294372341600144133413556485278971585794224138913409082347481977859349200343785923905670642852783203126 
326 731511930420655988618101470915418214049222396686591143177680539665684886980312445232286733990510098975477154786159378068621146471861708000720667067782426394857928971120694567045411737409889296746001718929619528353214263916015626 
327 3657559652103279943090507354577091070246111983432955715888402698328424434901562226161433669952550494877385773930796890343105732359308540003603335338912131974289644855603472835227058687049446483730008594648097641766071319580078126 
328 18287798260516399715452536772885455351230559917164778579442013491642122174507811130807168349762752474386928869653984451715528661796542700018016676694560659871448224278017364176135293435247232418650042973240488208830356597900390626 
329 91438991302581998577262683864427276756152799585823892897210067458210610872539055654035841748813762371934644348269922258577643308982713500090083383472803299357241121390086820880676467176236162093250214866202441044151782989501953126 
330 457194956512909992886313419322136383780763997929119464486050337291053054362695278270179208744068811859673221741349611292888216544913567500450416917364016496786205606950434104403382335881180810466251074331012205220758914947509765626 
331 2285974782564549964431567096610681918903819989645597322430251686455265271813476391350896043720344059298366108706748056464441082724567837502252084586820082483931028034752170522016911679405904052331255371655061026103794574737548828126 
332 11429873912822749822157835483053409594519099948227986612151258432276326359067381956754480218601720296491830543533740282322205413622839187511260422934100412419655140173760852610084558397029520261656276858275305130518972873687744140626 
333 57149369564113749110789177415267047972595499741139933060756292161381631795336909783772401093008601482459152717668701411611027068114195937556302114670502062098275700868804263050422791985147601308281384291376525652594864368438720703126 
334 285746847820568745553945887076335239862977498705699665303781460806908158976684548918862005465043007412295763588343507058055135340570979687781510573352510310491378504344021315252113959925738006541406921456882628262974321842193603515626 
335 1428734239102843727769729435381676199314887493528498326518907304034540794883422744594310027325215037061478817941717535290275676702854898438907552866762551552456892521720106576260569799628690032707034607284413141314871609210968017578126 
336 7143671195514218638848647176908380996574437467642491632594536520172703974417113722971550136626075185307394089708587676451378383514274492194537764333812757762284462608600532881302848998143450163535173036422065706574358046054840087890626 
337 35718355977571093194243235884541904982872187338212458162972682600863519872085568614857750683130375926536970448542938382256891917571372460972688821669063788811422313043002664406514244990717250817675865182110328532871790230274200439453126 
338 178591779887855465971216179422709524914360936691062290814863413004317599360427843074288753415651879632684852242714691911284459587856862304863444108345318944057111565215013322032571224953586254088379325910551642664358951151371002197265626 
339 892958899439277329856080897113547624571804683455311454074317065021587996802139215371443767078259398163424261213573459556422297939284311524317220541726594720285557826075066610162856124767931270441896629552758213321794755756855010986328126 
340 4464794497196386649280404485567738122859023417276557270371585325107939984010696076857218835391296990817121306067867297782111489696421557621586102708632973601427789130375333050814280623839656352209483147763791066608973778784275054931640626 
341 22323972485981933246402022427838690614295117086382786351857926625539699920053480384286094176956484954085606530339336488910557448482107788107930513543164868007138945651876665254071403119198281761047415738818955333044868893921375274658203126 
342 111619862429909666232010112139193453071475585431913931759289633127698499600267401921430470884782424770428032651696682444552787242410538940539652567715824340035694728259383326270357015595991408805237078694094776665224344469606876373291015626 
343 558099312149548331160050560695967265357377927159569658796448165638492498001337009607152354423912123852140163258483412222763936212052694702698262838579121700178473641296916631351785077979957044026185393470473883326121722348034381866455078126 
344 2790496560747741655800252803479836326786889635797848293982240828192462490006685048035761772119560619260700816292417061113819681060263473513491314192895608500892368206484583156758925389899785220130926967352369416630608611740171909332275390626 
345 13952482803738708279001264017399181633934448178989241469911204140962312450033425240178808860597803096303504081462085305569098405301317367567456570964478042504461841032422915783794626949498926100654634836761847083153043058700859546661376953126 
346 69762414018693541395006320086995908169672240894946207349556020704811562250167126200894044302989015481517520407310426527845492026506586837837282854822390212522309205162114578918973134747494630503273174183809235415765215293504297733306884765626 
347 348812070093467706975031600434979540848361204474731036747780103524057811250835631004470221514945077407587602036552132639227460132532934189186414274111951062611546025810572894594865673737473152516365870919046177078826076467521488666534423828126 
348 1744060350467338534875158002174897704241806022373655183738900517620289056254178155022351107574725387037938010182760663196137300662664670945932071370559755313057730129052864472974328368687365762581829354595230885394130382337607443332672119140626 
349 8720301752336692674375790010874488521209030111868275918694502588101445281270890775111755537873626935189690050913803315980686503313323354729660356852798776565288650645264322364871641843436828812909146772976154426970651911688037216663360595703126 
350 43601508761683463371878950054372442606045150559341379593472512940507226406354453875558777689368134675948450254569016579903432516566616773648301784263993882826443253226321611824358209217184144064545733864880772134853259558440186083316802978515626 
351 218007543808417316859394750271862213030225752796706897967362564702536132031772269377793888446840673379742251272845082899517162582833083868241508921319969414132216266131608059121791046085920720322728669324403860674266297792200930416584014892578126 
352 1090037719042086584296973751359311065151128763983534489836812823512680660158861346888969442234203366898711256364225414497585812914165419341207544606599847070661081330658040295608955230429603601613643346622019303371331488961004652082920074462890626 
353 5450188595210432921484868756796555325755643819917672449184064117563403300794306734444847211171016834493556281821127072487929064570827096706037723032999235353305406653290201478044776152148018008068216733110096516856657444805023260414600372314453126 
354 27250942976052164607424343783982776628778219099588362245920320587817016503971533672224236055855084172467781409105635362439645322854135483530188615164996176766527033266451007390223880760740090040341083665550482584283287224025116302073001861572265626 
355 136254714880260823037121718919913883143891095497941811229601602939085082519857668361121180279275420862338907045528176812198226614270677417650943075824980883832635166332255036951119403803700450201705418327752412921416436120125581510365009307861328126 
356 681273574401304115185608594599569415719455477489709056148008014695425412599288341805605901396377104311694535227640884060991133071353387088254715379124904419163175831661275184755597019018502251008527091638762064607082180600627907551825046539306640626 
357 3406367872006520575928042972997847078597277387448545280740040073477127062996441709028029506981885521558472676138204420304955665356766935441273576895624522095815879158306375923777985095092511255042635458193810323035410903003139537759125232696533203126 
358 17031839360032602879640214864989235392986386937242726403700200367385635314982208545140147534909427607792363380691022101524778326783834677206367884478122610479079395791531879618889925475462556275213177290969051615177054515015697688795626163482666015626 
359 85159196800163014398201074324946176964931934686213632018501001836928176574911042725700737674547138038961816903455110507623891633919173386031839422390613052395396978957659398094449627377312781376065886454845258075885272575078488443978130817413330078126 
360 425795984000815071991005371624730884824659673431068160092505009184640882874555213628503688372735690194809084517275552538119458169595866930159197111953065261976984894788296990472248136886563906880329432274226290379426362875392442219890654087066650390626 
361 2128979920004075359955026858123654424123298367155340800462525045923204414372776068142518441863678450974045422586377762690597290847979334650795985559765326309884924473941484952361240684432819534401647161371131451897131814376962211099453270435333251953126 
362 10644899600020376799775134290618272120616491835776704002312625229616022071863880340712592209318392254870227112931888813452986454239896673253979927798826631549424622369707424761806203422164097672008235806855657259485659071884811055497266352176666259765626 
363 53224498000101883998875671453091360603082459178883520011563126148080110359319401703562961046591961274351135564659444067264932271199483366269899638994133157747123111848537123809031017110820488360041179034278286297428295359424055277486331760883331298828126 
364 266122490000509419994378357265456803015412295894417600057815630740400551796597008517814805232959806371755677823297220336324661355997416831349498194970665788735615559242685619045155085554102441800205895171391431487141476797120276387431658804416656494140626 
365 1330612450002547099971891786327284015077061479472088000289078153702002758982985042589074026164799031858778389116486101681623306779987084156747490974853328943678077796213428095225775427770512209001029475856957157435707383985601381937158294022083282470703126 
366 6653062250012735499859458931636420075385307397360440001445390768510013794914925212945370130823995159293891945582430508408116533899935420783737454874266644718390388981067140476128877138852561045005147379284785787178536919928006909685791470110416412353515626 
367 33265311250063677499297294658182100376926536986802200007226953842550068974574626064726850654119975796469459727912152542040582669499677103918687274371333223591951944905335702380644385694262805225025736896423928935892684599640034548428957350552082061767578126 
368 166326556250318387496486473290910501884632684934011000036134769212750344872873130323634253270599878982347298639560762710202913347498385519593436371856666117959759724526678511903221928471314026125128684482119644679463422998200172742144786752760410308837890626 
369 831632781251591937482432366454552509423163424670055000180673846063751724364365651618171266352999394911736493197803813551014566737491927597967181859283330589798798622633392559516109642356570130625643422410598223397317114991000863710723933763802051544189453126 
370 4158163906257959687412161832272762547115817123350275000903369230318758621821828258090856331764996974558682465989019067755072833687459637989835909296416652948993993113166962797580548211782850653128217112052991116986585574955004318553619668819010257720947265626 
371 20790819531289798437060809161363812735579085616751375004516846151593793109109141290454281658824984872793412329945095338775364168437298189949179546482083264744969965565834813987902741058914253265641085560264955584932927874775021592768098344095051288604736328126 
372 103954097656448992185304045806819063677895428083756875022584230757968965545545706452271408294124924363967061649725476693876820842186490949745897732410416323724849827829174069939513705294571266328205427801324777924664639373875107963840491720475256443023681640626 
373 519770488282244960926520229034095318389477140418784375112921153789844827727728532261357041470624621819835308248627383469384104210932454748729488662052081618624249139145870349697568526472856331641027139006623889623323196869375539819202458602376282215118408203126 
374 2598852441411224804632601145170476591947385702093921875564605768949224138638642661306785207353123109099176541243136917346920521054662273743647443310260408093121245695729351748487842632364281658205135695033119448116615984346877699096012293011881411075592041015626 
375 12994262207056124023163005725852382959736928510469609377823028844746120693193213306533926036765615545495882706215684586734602605273311368718237216551302040465606228478646758742439213161821408291025678475165597240583079921734388495480061465059407055377960205078126 