4 17 
8 257 
12 4097 
16 65537 
20 1048577 
24 16777217 
28 268435457 
32 4294967297 
36 68719476737 
40 1099511627777 
44 17592186044417 
48 281474976710657 
52 4503599627370497 
56 72057594037927937 
60 1152921504606846977 
64 18446744073709551617 
68 295147905179352825857 
72 4722366482869645213697 
76 75557863725914323419137 
80 1208925819614629174706177 
84 19342813113834066795298817 
88 309485009821345068724781057 
92 4951760157141521099596496897 
96 79228162514264337593543950337 
100 1267650600228229401496703205377 
104 20282409603651670423947251286017 
108 324518553658426726783156020576257 
112 5192296858534827628530496329220097 
116 83076749736557242056487941267521537 
120 1329227995784915872903807060280344577 
124 21267647932558653966460912964485513217 
128 340282366920938463463374607431768211457 
132 5444517870735015415413993718908291383297 
136 87112285931760246646623899502532662132737 
140 1393796574908163946345982392040522594123777 
144 22300745198530623141535718272648361505980417 
148 356811923176489970264571492362373784095686657 
152 5708990770823839524233143877797980545530986497 
156 91343852333181432387730302044767688728495783937 
160 1461501637330902918203684832716283019655932542977 
164 23384026197294446691258957323460528314494920687617 
168 374144419156711147060143317175368453031918731001857 
172 5986310706507378352962293074805895248510699696029697 
176 95780971304118053647396689196894323976171195136475137 
180 1532495540865888858358347027150309183618739122183602177 
184 24519928653854221733733552434404946937899825954937634817 
188 392318858461667547739736838950479151006397215279002157057 
192 6277101735386680763835789423207666416102355444464034512897 
196 100433627766186892221372630771322662657637687111424552206337 
200 1606938044258990275541962092341162602522202993782792835301377 
204 25711008708143844408671393477458601640355247900524685364822017 
208 411376139330301510538742295639337626245683966408394965837152257 
212 6582018229284824168619876730229402019930943462534319453394436097 
216 105312291668557186697918027683670432318895095400549111254310977537 
220 1684996666696914987166688442938726917102321526408785780068975640577 
224 26959946667150639794667015087019630673637144422540572481103610249217 
228 431359146674410236714672241392314090778194310760649159697657763987457 
232 6901746346790563787434755862277025452451108972170386555162524223799297 
236 110427941548649020598956093796432407239217743554726184882600387580788737 
240 1766847064778384329583297500742918515827483896875618958121606201292619777 
244 28269553036454149273332760011886696253239742350009903329945699220681916417 
248 452312848583266388373324160190187140051835877600158453279131187530910662657 
252 7237005577332262213973186563042994240829374041602535252466099000494570602497 
256 115792089237316195423570985008687907853269984665640564039457584007913129639937 
260 1852673427797059126777135760139006525652319754650249024631321344126610074238977 
264 29642774844752946028434172162224104410437116074403984394101141506025761187823617 
268 474284397516047136454946754595585670566993857190463750305618264096412179005177857 
272 7588550360256754183279148073529370729071901715047420004889892225542594864082845697 
276 121416805764108066932466369176469931665150427440758720078238275608681517825325531137 
280 1942668892225729070919461906823518906642406839052139521251812409738904285205208498177 
284 31082702275611665134711390509176302506278509424834232340028998555822468563283335970817 
288 497323236409786642155382248146820840100456150797347717440463976893159497012533375533057 
292 7957171782556586274486115970349133441607298412757563479047423630290551952200534008528897 
296 127314748520905380391777855525586135065716774604121015664758778084648831235208544136462337 
300 2037035976334486086268445688409378161051468393665936250636140449354381299763336706183397377 
304 32592575621351777380295131014550050576823494298654980010178247189670100796213387298934358017 
308 521481209941628438084722096232800809229175908778479680162851955034721612739414196782949728257 
312 8343699359066055009355553539724812947666814540455674882605631280555545803830627148527195652097 
316 133499189745056880149688856635597007162669032647290798121690100488888732861290034376435130433537 
320 2135987035920910082395021706169552114602704522356652769947041607822219725780640550022962086936577 
324 34175792574734561318320347298712833833643272357706444319152665725155515612490248800367393390985217 
328 546812681195752981093125556779405341338292357723303109106442651602488249799843980805878294255763457 
332 8749002899132047697490008908470485461412677723572849745703082425639811996797503692894052708092215297 
336 139984046386112763159840142535527767382602843577165595931249318810236991948760059086304843329475444737 
340 2239744742177804210557442280568444278121645497234649534899989100963791871180160945380877493271607115777 
344 35835915874844867368919076489095108449946327955754392558399825615420669938882575126094039892345713852417 
348 573374653997517877902705223825521735199141247292070280934397209846730719022121202017504638277531421638657 
352 9173994463960286046443283581208347763186259956673124494950355357547691504353939232280074212440502746218497 
356 146783911423364576743092537299333564210980159306769991919205685720763064069663027716481187399048043939495937 
360 2348542582773833227889480596789337027375682548908319870707290971532209025114608443463698998384768703031934977 
364 37576681324381331646231689548629392438010920782533117931316655544515344401833735095419183974156299248510959617 
368 601226901190101306339707032778070279008174732520529886901066488712245510429339761526706943586500787976175353857 
372 9619630419041620901435312524449124464130795720328478190417063819395928166869436184427311097384012607618805661697 
376 153914086704665934422965000391185991426092731525255651046673021110334850669910978950836977558144201721900890587137 
380 2462625387274654950767440006258975862817483704404090416746768337765357610718575663213391640930307227550414249394177 
384 39402006196394479212279040100143613805079739270465446667948293404245721771497210611414266254884915640806627990306817 
388 630432099142311667396464641602297820881275828327447146687172694467931548343955369782628260078158650252906047844909057 
392 10086913586276986678343434265636765134100413253239154346994763111486904773503285916522052161250538404046496765518544897 
396 161390617380431786853494948250188242145606612051826469551916209783790476376052574664352834580008614464743948248296718337 
400 2582249878086908589655919172003011874329705792829223512830659356540647622016841194629645353280137831435903171972747493377 
404 41315998049390537434494706752048189989275292685267576205290549704650361952269459114074325652482205302974450751563959894017 
408 661055968790248598951915308032771039828404682964281219284648795274405791236311345825189210439715284847591212025023358304257 
412 10576895500643977583230644928524336637254474927428499508554380724390492659780981533203027367035444557561459392400373732868097 
416 169230328010303641331690318856389386196071598838855992136870091590247882556495704531248437872567112920983350278405979725889537 
420 2707685248164858261307045101702230179137145581421695874189921465443966120903931272499975005961073806735733604454495675614232577 
424 43322963970637732180912721627235682866194329302747133987038743447103457934462900359999600095377180907771737671271930809827721217 
428 693167423530203714894603546035770925859109268843954143792619895153655326951406405759993601526034894524347802740350892957243539457 
432 11090678776483259438313656736572334813745748301503266300681918322458485231222502492159897624416558312389564843845614287315896631297 
436 177450860423732151013018507785157357019931972824052260810910693159335763699560039874558361990664932998233037501529828597054346100737 
440 2839213766779714416208296124562517712318911565184836172974571090549372219192960637992933791850638927971728600024477257552869537611777 
444 45427420268475430659332737993000283397102585042957378767593137448789955507087370207886940669610222847547657600391636120845912601788417 
448 726838724295606890549323807888004534353641360687318060281490199180639288113397923326191050713763565560762521606266177933534601628614657 
452 11629419588729710248789180926208072549658261770997088964503843186890228609814366773219056811420217048972200345700258846936553626057834497 
456 186070713419675363980626894819329160794532188335953423432061490990243657757029868371504908982723472783555205531204141550984858016925351937 
460 2977131414714805823690030317109266572712515013375254774912983855843898524112477893944078543723575564536883288499266264815757728270805630977 
464 47634102635436893179040485073748265163400240214004076398607741693502376385799646303105256699577209032590132615988260237052123652332890095617 
468 762145642166990290864647761179972242614403843424065222377723867096038022172794340849684107193235344521442121855812163792833978437326241529857 
472 12194330274671844653834364178879555881830461494785043558043581873536608354764709453594945715091765512343073949692994620685343654997219864477697 
476 195109284394749514461349826862072894109287383916560696928697309976585733676235351257519131441468248197489183195087913930965498479955517831643137 
480 3121748550315992231381597229793166305748598142664971150859156959625371738819765620120306103063491971159826931121406622895447975679288285306290177 
484 49947976805055875702105555676690660891977570282639538413746511354005947821116249921924897649015871538557230897942505966327167610868612564900642817 
488 799167628880894011233688890827050574271641124522232614619944181664095165137859998750798362384253944616915694367080095461234681773897801038410285057 
492 12786682062094304179739022253232809188346257992355721833919106906625522642205759980012773798148063113870651109873281527379754908382364816614564560897 
496 204586912993508866875824356051724947013540127877691549342705710506008362275292159680204380770369009821930417757972504438076078534117837065833032974337 
500 3273390607896141870013189696827599152216642046043064789483291368096133796404674554883270092325904157150886684127560071009217256545885393053328527589377 
504 52374249726338269920211035149241586435466272736689036631732661889538140742474792878132321477214466514414186946040961136147476104734166288853256441430017 
508 837987995621412318723376562387865382967460363787024586107722590232610251879596686050117143635431464230626991136655378178359617675746660621652103062880257 
512 13407807929942597099574024998205846127479365820592393377723561443721764030073546976801874298166903427690031858186486050853753882811946569946433649006084097 
516 214524926879081553593184399971293538039669853129478294043576983099548224481176751628829988770670454843040509730983776813660062124991145119142938384097345537 
520 3432398830065304857490950399540696608634717650071652704697231729592771591698828026061279820330727277488648155695740429018560993999858321906287014145557528577 
524 54918381281044877719855206392651145738155482401146443275155707673484345467181248416980477125291636439818370491131846864296975903997733150500592226328920457217 
528 878694100496718043517683302282418331810487718418343092402491322775749527474899974671687634004666183037093927858109549828751614463963730408009475621262727315457 
532 14059105607947488696282932836518693308967803494693489478439861164411992439598399594747002144074658928593502845729752797260025831423419686528151609940203637047297 
536 224945689727159819140526925384299092943484855915095831655037778630591879033574393515952034305194542857496045531676044756160413302774714984450425759043258192756737 
540 3599131035634557106248430806148785487095757694641533306480604458089470064537190296255232548883112685719936728506816716098566612844395439751206812144692131084107777 
544 57586096570152913699974892898380567793532123114264532903689671329431521032595044740083720782129802971518987656109067457577065805510327036019308994315074097345724417 
548 921377545122446619199598286374089084696513969828232526459034741270904336521520715841339532514076847544303802497745079321233052888165232576308943909041185557531590657 
552 14742040721959145907193572581985425355144223517251720423344555860334469384344331453461432520225229560708860839963921269139728846210643721220943102544658968920505450497 
556 235872651551346334515097161311766805682307576276027526773512893765351510149509303255382920323603672971341773439422740306235661539370299539535089640714543502728087207937 
560 3773962424821541352241554580988268890916921220416440428376206300245624162392148852086126725177658767541468375030763844899770584629924792632561434251432696043649395326977 
564 60383398797144661635864873295812302254670739526663046854019300803929986598274381633378027602842540280663494000492221518396329354078796682120982948022923136698390325231617 
568 966134380754314586173837972732996836074731832426608749664308812862879785572390106134048441645480644490615904007875544294341269665260746913935727168366770187174245203705857 
572 15458150092069033378781407563727949377195709318825739994628941005806076569158241698144775066327690311849854464126008708709460314644171950622971634693868322994787923259293697 
576 247330401473104534060502521019647190035131349101211839914063056092897225106531867170316401061243044989597671426016139339351365034306751209967546155101893167916606772148699137 
580 3957286423569672544968040336314355040562101585619389438625008897486355601704509874725062416979888719833562742816258229429621840548908019359480738481630290686665708354379186177 
584 63316582777114760719488645381029680648993625369910231018000142359781689627272157995600998671678219517337003885060131670873949448782528309751691815706084650986651333670066978817 
588 1013065324433836171511818326096474890383898005918563696288002277756507034036354527929615978746851512277392062160962106733983191180520452956027069051297354415786421338721071661057 
592 16209045190941378744189093217543598246142368094697019140608036444104112544581672446873855659949624196438272994575393707743731058888327247296433104820757670652582741419537146576897 
596 259344723055062059907025491480697571938277889515152306249728583105665800713306759149981690559193987143012367913206299323899696942213235956742929677132122730441323862712594345230337 
600 4149515568880992958512407863691161151012446232242436899995657329690652811412908146399707048947103794288197886611300789182395151075411775307886874834113963687061181803401509523685377 
604 66392249102095887336198525819058578416199139715878990399930517275050444982606530342395312783153660708611166185780812626918322417206588404926189997345823418992978908854424152378966017 
608 1062275985633534197379176413104937254659186235454063846398888276400807119721704485478325004530458571337778658972493002030693158675305414478819039957533174703887662541670786438063456257 
612 16996415770136547158066822609678996074546979767265021542382212422412913915547271767653200072487337141404458543559888032491090538804886631661104639320530795262202600666732583009015300097 
616 271942652322184754529069161754863937192751676276240344678115398758606622648756348282451201159797394262471336696958208519857448620878186106577674229128492724195241610667721328144244801537 
620 4351082437154956072465106588077822995084026820419845514849846380137705962380101572519219218556758308199541387151331336317719177934050977705242787666055883587123865770683541250307916824577 
624 69617318994479297159441705409245167921344429126717528237597542082203295398081625160307507496908132931192662194421301381083506846944815643283884602656894137393981852330936660004926669193217 
628 1113877103911668754551067286547922686741510866027480451801560673315252726369306002564920119950530126899082595110740822097336109551117050292542153642510306198303709637294986560078826707091457 
632 17822033662586700072817076584766762987864173856439687228824970773044043621908896041038721919208482030385321521771853153557377752817872804680674458280164899172859354196719784961261227313463297 
636 285152538601387201165073225356268207805826781703034995661199532368704697950542336656619550707335712486165144348349650456918044045085964874890791332482638386765749667147516559380179637015412737 
640 4562440617622195218641171605700291324893228507248559930579192517899275167208677386505912811317371399778642309573594407310688704721375437998252661319722214188251994674360264950082874192246603777 
644 72999049881955123498258745691204661198291656115976958889267080286388402675338838184094604981077942396458276953177510516971019275542007007972042581115555427012031914789764239201325987075945660417 
648 1167984798111281975972139931059274579172666497855631342228273284582214442805421410945513679697247078343332431250840168271536308408672112127552681297848886832192510636636227827221215793215130566657 
652 18687756769780511615554238896948393266762663965690101475652372553315431084886742575128218875155953253493318900013442692344580934538753794040842900765582189315080170186179645235539452691442089066497 
656 299004108316488185848867822351174292268202623451041623610437960853046897358187881202051502002495252055893102400215083077513294952620060704653486412249315029041282722978874323768631243063073425063937 
660 4784065733063810973581885157618788676291241975216665977767007373648750357731006099232824032039924032894289638403441329240212719241920971274455782595989040464660523567661989180298099889009174801022977 
664 76545051729020975577310162521900618820659871603466655644272117978380005723696097587725184512638784526308634214455061267843403507870735540391292521535824647434568377082591826884769598224146796816367617 
668 1224720827664335609236962600350409901130557945655466490308353887654080091579137561403602952202220552420938147431280980285494456125931768646260680344573194358953094033321469230156313571586348749061881857 
672 19595533242629369747791401605606558418088927130487463844933662202465281465266200982457647235235528838735010358900495684567911298014908298340170885513171109743249504533143507682501017145381579984990109697 
676 313528531882069915964662425689704934689422834087799421518938595239444503444259215719322355763768461419760165742407930953086580768238532773442734168210737755891992072530296122920016274326105279759841755137 
680 5016456510113118655434598811035278955030765345404790744303017523831112055108147451509157692220295382716162651878526895249385292291816524375083746691371804094271873160484737966720260389217684476157468082177 
684 80263304161809898486953580976564463280492245526476651908848280381297792881730359224146523075524726123458602430056430323990164676669064390001339947061948865508349970567755807467524166227482951618519489314817 
688 1284212866588958375791257295625031412487875928423626430541572486100764686107685747586344369208395617975337638880902885183842634826705030240021439152991181848133599529084092919480386659639727225896311829037057 
692 20547405865423334012660116730000502599806014854778022888665159777612234977722971961381509907334329887605402222094446162941482157227280483840343026447858909570137592465345486711686186554235635614340989264592897 
696 328758493846773344202561867680008041596896237676448366218642556441795759643567551382104158517349278201686435553511138607063714515636487741445488423165742553122201479445527787386978984867770169829455828233486337 
700 5260135901548373507240989882880128665550339802823173859498280903068732154297080822113666536277588451226982968856178217713019432250183803863127814770651880849955223671128444598191663757884322717271293251735781377 
704 84162174424773976115855838126082058648805436845170781751972494449099714468753293153818664580441415219631727501698851483408310916002940861810045036330430093599283578738055113571066620126149163476340692027772502017 
708 1346594790796383617853693410017312938380886989522732508031559911185595431500052690461098633287062643514107640027181623734532974656047053788960720581286881497588537259808881817137065922018386615621451072444360032257 
712 21545516652742137885659094560277007014094191832363720128504958578969526904000843047377578132593002296225722240434905979752527594496752860623371529300590103961416596156942109074193054752294185849943217159109760516097 
716 344728266443874206170545512964432112225507069317819522056079337263512430464013488758041250121488036739611555846958495676040441511948045769973944468809441663382665538511073745187088876036706973599091474545756168257537 
720 5515652263101987298728728207430913795608113109085112352897269396216198887424215820128660001943808587833784893551335930816647064191168732319583111500951066614122648616177179922993422016587311577585463592732098692120577 
724 88250436209631796779659651318894620729729809745361797646356310339459182198787453122058560031100937405340558296821374893066353027058699717113329784015217065825962377858834878767894752265396985241367417483713579073929217 
728 1412006979354108748474554421102313931675676955925788762341700965431346915180599249952936960497614998485448932749141998289061648432939195473813276544243473053215398045741358060286316036246351763861878679739417265182867457 
732 22592111669665739975592870737637022906810831294812620197467215446901550642889587999246991367961839975767182923986271972624986374927027127581012424707895568851446368731861728964581056579941628221790058875830676242925879297 
736 361473786714651839609485931802192366508973300717001923159475447150424810286233407987951861887389439612274926783780351561999781998832434041296198795326329101623141899709787663433296905279066051548640942013290819886814068737 
740 5783580587434429433751774908835077864143572811472030770551607154406796964579734527807229790198231033796398828540485624991996511981318944660739180725221265625970270395356602614932750484465056824778255072212653118189025099777 
744 92537289398950870940028398541361245826297164983552492328825714470508751433275752444915676643171696540742381256647769999871944191701103114571826891603540250015524326325705641838924007751440909196452081155402449891024401596417 
748 1480596630383213935040454376661779933220754639736839877261211431528140022932412039118650826290747144651878100106364319997951107067217649833149230265656644000248389221211290269422784124023054547143233298486439198256390425542657 
752 23689546086131422960647270026588478931532074235789438036179382904450240366918592625898413220651954314430049601701829119967217713075482397330387684250506304003974227539380644310764545984368872754291732775783027172102246808682497 
756 379032737378102767370356320425415662904513187772631008578870126471203845870697482014374611530431269030880793627229265919475483409207718357286202948008100864063587640630090308972232735749901964068667724412528434753635948938919937 
760 6064523798049644277925701126806650606472211004362096137261922023539261533931159712229993784486900304494092698035668254711607734547323493716579247168129613825017402250081444943555723771998431425098683590600454956058175183022718977 
764 97032380768794308446811218028906409703555376069793538196190752376628184542898555395679900551790404871905483168570692075385723752757175899465267954690073821200278436001303119096891580351974902801578937449607279296930802928363503617 
768 1552518092300708935148979488462502555256886017116696611139052038026050952686376886330878408828646477950487730697131073206171580044114814391444287275041181139204454976020849905550265285631598444825262999193716468750892846853816057857 
772 24840289476811342962383671815400040884110176273867145778224832608416815242982030181294054541258343647207803691154097171298745280705837030263108596400658898227271279616333598488804244570105575117204207987099463500014285549661056925697 
776 397444631628981487398138749046400654145762820381874332451597321734669043887712482900704872660133498355324859058465554740779924491293392484209737542410542371636340473861337575820867913121689201875267327793591416000228568794576910811137 
780 6359114106063703798370219984742410466332205126109989319225557147754704702203399726411277962562135973685197744935448875852478791860694279747355800678568677946181447581781401213133886609947027230004277244697462656003657100713230572978177 
784 101745825697019260773923519755878567461315282017759829107608914364075275235254395622580447400994175578963163918967182013639660669771108475957692810857098847138903161308502419410142185759152435680068435915159402496058513611411689167650817 
788 1627933211152308172382776316094057079381044512284157265721742629825204403764070329961287158415906809263410622703474912218234570716337735615323084973713581554222450580936038710562274972146438970881094974642550439936936217782587026682413057 
792 26046931378436930758124421057504913270096712196546516251547882077203270460225125279380594534654508948214569963255598595491753131461403769845169359579417304867559209294976619368996399554343023534097519594280807038990979484521392426918608897 
796 416750902054990892129990736920078612321547395144744260024766113235252327363602004470089512554472143171433119412089577527868050103382460317522709753270676877880947348719625909903942392869488376545560313508492912623855671752342278830697742337 
800 6668014432879854274079851790721257797144758322315908160396257811764037237817632071521432200871554290742929910593433240445888801654119365080363356052330830046095157579514014558463078285911814024728965016135886601981690748037476461291163877377 
804 106688230926077668385277628651540124754316133157054530566340124988224595805082113144342915213944868651886878569494931847134220826465909841285813696837293280737522521272224232935409252574589024395663440258174185631707051968599623380658622038017 
808 1707011694817242694164442058424641996069058130512872489061441999811593532881313810309486643423117898430190057111918909554147533223454557460573019149396692491800360340355587726966548041193424390330615044130786970107312831497593974090537952608257 
812 27312187117075883106631072934794271937104930088205959824983071996985496526101020964951786294769886374883040913790702552866360531575272919369168306390347079868805765445689403631464768659094790245289840706092591521717005303961503585448607241732097 
816 436994993873214129706097166956708350993678881411295357199729151951767944417616335439228580716318181998128654620651240845861768505204366709906692902245553277900892247131030458103436298545516643924637451297481464347472084863384057367177715867713537 
820 6991919901971426075297554671307333615898862102580725715195666431228287110681861367027657291461090911970058473930419853533788296083269867358507086435928852446414275954096487329654980776728266302794199220759703429559553357814144917874843453883416577 
824 111870718431542817204760874740917337854381793641291611443130662899652593770909781872442516663377454591520935582886717656540612737332317877736113382974861639142628415265543797274479692427652260844707187532155254872952853725026318685997495262134665217 
828 1789931494904685075276173995854677405670108698260665783090090606394441500334556509959080266614039273464334969326187482504649803797317086043777814127597786226282054644248700756391675078842436173515315000514484077967245659600421098975959924194154643457 
832 28638903918474961204418783933674838490721739172170652529441449702311064005352904159345284265824628375429359509218999720074396860757073376700445026041564579620512874307979212102266801261478978776245040008231745247475930553606737583615358787106474295297 
836 458222462695599379270700542938797415851547826754730440471063195236977024085646466549524548253194054006869752147503995521190349772113174027207120416665033273928205988927667393636268820183663660419920640131707923959614888857707801337845740593703588724737 
840 7331559403129590068331208687020758653624765228075687047537011123791632385370343464792392772051104864109916034360063928339045596353810784435313926666640532382851295822842678298180301122938618566718730242107326783353838221723324821405531849499257419595777 
844 117304950450073441093299338992332138457996243649210992760592177980666118165925495436678284352817677825758656549761022853424729541660972550965022826666248518125620733165482852770884817967017897067499683873717228533661411547573197142488509591988118713532417 
848 1876879207201175057492789423877314215327939898387375884169474847690657890654807926986852549645082845212138504796176365654795672666575560815440365226659976290009931730647725644334157087472286353079994941979475656538582584761171154279816153471809899416518657 
852 30030067315218800919884630782037027445247038374198014146711597563050526250476926831789640794321325523394216076738821850476730762665208973047045843626559620640158907690363610309346513399556581649279919071671610504617321356178738468477058455548958390664298497 
856 480481077043500814718154092512592439123952613987168226347385561008808420007630829308634252709141208374307457227821149607627692202643343568752733498024953930242542523045817764949544214392905306388478705146745768073877141698859815495632935288783334250628775937 
860 7687697232696013035490465480201479025983241823794691621558168976140934720122093268938148043346259333988919315645138393722043075242293497100043735968399262883880680368733084239192707430286484902215659282347932289182034267181757047930126964620533348010060414977 
864 123003155723136208567847447683223664415731869180715065944930703618254955521953492303010368693540149343822709050322214299552689203876695953600699775494388206142090885899729347827083318884583758435450548517566916626912548274908112766882031433928533568160966639617 
868 1968050491570179337085559162931578630651709906891441055118891257892079288351255876848165899096642389501163344805155428792843027262027135257611196407910211298273454174395669565233333102153340134967208776281070666030600772398529804270112502942856537090575466233857 
872 31488807865122869393368946606905258090427358510263056881902260126273268613620094029570654385546278232018613516882486860685488436192434164121779142526563380772375266790330713043733329634453442159475340420497130656489612358376476868321800047085704593449207459741697 
876 503820925841965910293903145710484129446837736164208910110436162020372297817921504473130470168740451712297816270119789770967814979078946625948466280425014092358004268645291408699733274151255074551605446727954090503833797734023629893148800753371273495187319355867137 
880 8061134813471454564702450331367746071149403778627342561766978592325956765086744071570087522699847227396765060321916636335485039665263146015175460486800225477728068298324662539195732386420081192825687147647265448061340763744378078290380812053940375922997109693874177 
884 128978157015543273035239205301883937138390460458037480988271657477215308241387905145121400363197555638348240965150666181367760634644210336242807367788803607643649092773194600627131718182721299085210994362356247168981452219910049252646092992863046014767953755101986817 
888 2063650512248692368563827284830142994214247367328599695812346519635444931862206482321942405811160890213571855442410658901884170154307365379884917884620857722298385484371113610034107490923540785363375909797699954703703235518560788042337487885808736236287260081631789057 
892 33018408195979077897021236557282287907427957877257595132997544314167118909795303717151078492978574243417149687078570542430146722468917846078158686153933723556774167749937817760545719854776652565814014556763199275259251768296972608677399806172939779780596161306108624897 
896 528294531135665246352339784916516606518847326036121522127960709026673902556724859474417255887657187894674394993257128678882347559502685537250538978462939576908386683999005084168731517676426441053024232908211188404148028292751561738838396898767036476489538580897737998337 
900 8452712498170643941637436558664265704301557216577944354047371344426782440907597751590676094202515006314790319892114058862117560952042968596008623655407033230534186943984081346699704282822823056848387726531379014466368452684024987821414350380272583623832617294363807973377 
904 135243399970730303066198984938628251268824915465247109664757941510828519054521564025450817507240240101036645118273824941793880975232687497536137978486512531688546991103745301547195268525165168909574203624502064231461895242944399805142629606084361337981321876709820927574017 
908 2163894399531684849059183759018052020301198647443953754636127064173256304872345024407213080115843841616586321892381199068702095603722999960578207655784200507016751857659924824755124296402642702553187257992033027703390323887110396882282073697349781407701150027357134841184257 
912 34622310392506957584946940144288832324819178359103260074178033026772100877957520390515409281853501465865381150278099185099233529659567999369251322492547208112268029722558797196081988742442283240850996127872528443254245182193766350116513179157596502523218400437714157458948097 
916 553956966280111321359151042308621317197106853745652161186848528428353614047320326248246548509656023453846098404449586961587736474553087989908021159880755329796288475560940755137311819879076531853615938045960455092067922915100261601864210866521544040371494407003426519343169537 
920 8863311460481781141746416676937941075153709659930434578989576454853657824757125219971944776154496375261537574471193391385403783592849407838528338558092085276740615608975052082196989118065224509657855008735367281473086766641604185629827373864344704645943910512054824309490712577 
924 141812983367708498267942666831007057202459354558886953263833223277658525196114003519551116418471942004184601191539094262166460537485590525416453416929473364427849849743600833315151825889043592154525680139765876503569388266265666970077237981829515274335102568192877188951851401217 
928 2269007733883335972287082669296112915239349672942191252221331572442536403137824056312817862695551072066953619064625508194663368599769448406663254670871573830845597595897613333042429214224697474472410882236254024057110212260250671521235807709272244389361641091086035023229622419457 
932 36304123742133375556593322708737806643829594767075060035541305159080582450205184901005085803128817153071257905034008131114613897596311174506612074733945181293529561534361813328678867427595159591558574115780064384913763396164010744339772923348355910229786257457376560371673958711297 
936 580865979874134008905493163339804906301273516273200960568660882545289319203282958416081372850061074449140126480544130097833822361540978792105793195743122900696472984549789013258861878841522553464937185852481030158620214338624171909436366773573694563676580119318024965946783339380737 
940 9293855677986144142487890613436878500820376260371215369098574120724629107252527334657301965600977191186242023688706081565341157784655660673692691131889966411143567752796624212141790061464360855438994973639696482537923429417986750550981868377179113018825281909088399455148533430091777 
944 148701690847778306279806249814990056013126020165939445905577185931594065716040437354516831449615635058979872379019297305045458524554490570779083058110239462578297084044745987394268640983429773687023919578235143720606774870687788008815709894034865808301204510545414391282376534881468417 
948 2379227053564452900476899997039840896210016322655031134489234974905505051456646997672269303193850160943677958064308756880727336392871849132465328929763831401252753344715935798308298255734876378992382713251762299529708397931004608141051358304557852932819272168726630260518024558103494657 
952 38067632857031246407630399952637454339360261162480498151827759598488080823306351962756308851101602575098847329028940110091637382285949586119445262876221302420044053515454972772932772091758022063878123412028196792475334366896073730256821732872925646925108354699626084168288392929655914497 
956 609082125712499942522086399242199269429764178599687970429244153575809293172901631404100941617625641201581557264463041761466198116575193377911124206019540838720704856247279564366924353468128353022049974592451148679605349870337179684109147725966810350801733675194017346692614286874494631937 
960 9745314011399999080353382387875188310876226857595007526867906457212948690766426102465615065882010259225304916231408668183459169865203094046577987296312653419531277699956473029870789655490053648352799593479218378873685597925394874945746363615468965612827738803104277547081828589991914110977 
964 155925024182399985285654118206003012974019629721520120429886503315407179052262817639449841054112164147604878659702538690935346717843249504745247796741002454712500443199303568477932634487840858373644793495667494061978969566806317999131941817847503449805243820849668440753309257439870625775617 
968 2494800386918399764570465891296048207584314075544321926878184053046514864836205082231197456865794626361678058555240619054965547485491992075923964747856039275400007091188857095646922151805453733978316695930679904991663513068901087986111069085560055196883901133594695052052948119037930012409857 
972 39916806190694396233127454260736771321349025208709150830050944848744237837379281315699159309852714021786848936883849904879448759767871873214783435965696628406400113459021713530350754428887259743653067134890878479866616209102417407777777105368960883150142418137515120832847169904606880198557697 
976 638668899051110339730039268171788341141584403339346413280815117579907805398068501051186548957643424348589582990141598478071180156285949971436534975451146054502401815344347416485612070862196155898449074158254055677865859345638678524444433685903374130402278690200241933325554718473710083176923137 
980 10218702384817765435680628290748613458265350453429542612493041881278524886369096016818984783322294789577433327842265575649138882500575199542984559607218336872038429045509558663769793133795138494375185186532064890845853749530218856391110938974453986086436459043203870933208875495579361330830770177 
984 163499238157084246970890052651977815332245607254872681799888670100456398181905536269103756533156716633238933245476249210386222120009203192687752953715493389952614864728152938620316690140722215910002962984513038253533659992483501702257775023591263777382983344691261934931342007929269781293292322817 
988 2615987810513347951534240842431645045315929716077962908798218721607302370910488580305660104530507466131822931927619987366179553920147251083004047259447894239241837835650447017925067042251555454560047407752208612056538559879736027236124400377460220438127733515060190958901472126868316500692677165057 
992 41855804968213567224547853478906320725054875457247406540771499545716837934567817284890561672488119458109166910841919797858872862722356017328064756151166307827869405370407152286801072676024887272960758524035337792904616958075776435777990406039363527010043736240963055342423554029893064011082834640897 
996 669692879491417075592765655662501131600878007315958504652343992731469406953085076558248986759809911329746670573470716765741965803557696277249036098418660925245910485926514436588817162816398196367372136384565404686473871329212422972447846496629816432160699779855408885478776864478289024177325354254337 
1000 10715086071862673209484250490600018105614048117055336074437503883703510511249361224931983788156958581275946729175531468251871452856923140435984577574698574803934567774824230985421074605062371141877954182153046474983581941267398767559165543946077062914571196477686542167660429831652624386837205668069377 
1004 171441377149802771351748007849600289689824769872885377191000062139256168179989779598911740610511337300415147666808503492029943245710770246975753241195177196862953084397187695766737193680997938270047266914448743599737311060278380280946648703137233006633139143642984674682566877306441990189395290689110017 
1008 2743062034396844341627968125593604635037196317966166035056000994228098690879836473582587849768181396806642362668936055872479091931372323951612051859122835149807249350355003132267795098895967012320756270631179897595796976964454084495146379250195728106130226298287754794921070036903071843030324651025760257 
1012 43888992550349509466047490009497674160595141087458656560896015907649579054077383577321405596290902348906277802702976893959665470901957183225792829745965362396915989605680050116284721582335472197132100330098878361532751631431265351922342068003131649698083620772604076718737120590449149488485194416412164097 
1016 702223880805592151456759840151962786569522257399338504974336254522393264865238137237142489540654437582500444843247630303354647534431314931612685275935445798350655833690880801860555545317367555154113605281582053784524026102900245630757473088050106395169337932361665227499793929447186391815763110662594625537 
1020 11235582092889474423308157442431404585112356118389416079589380072358292237843810195794279832650471001320007117491962084853674360550901038905802964414967132773610493339054092829768888725077880882465817684505312860552384417646403930092119569408801702322709406917786643639996702871154982269052209770601514008577 
1024 179769313486231590772930519078902473361797697894230657273430081157732675805500963132708477322407536021120113879871393357658789768814416622492847430639474124377767893424865485276302219601246094119453082952085005768838150682342462881473913110540827237163350510684586298239947245938479716304835356329624224137217 
1028 2876309015779705452366888305262439573788763166307690516374881298523722812888015410123335637158520576337921822077942293722540636301030665959885558890231585990044286294797847764420835513619937505911249327233360092301410410917479406103582609768653235794613608170953380771839155935015675460877365701273987586195457 
1032 46020944252475287237870212884199033180620210660923048261998100776379565006208246561973370194536329221406749153247076699560650180816490655358168942243705375840708580716765564230733368217919000094579989235733761476822566574679670497657321756298451772713817730735254092349426494960250807374037851220383801379127297 
1036 736335108039604595805923406147184530889923370574768772191969612422073040099331944991573923112581267542507986451953227192970402893063850485730703075899286013451337291468249027691733891486704001513279827771740183629161065194874727962517148100775228363421083691764065477590823919364012917984605619526140822066036737 
1040 11781361728633673532894774498354952494238773929196300355071513798753168641589311119865182769801300280680127783231251635087526446289021607771691249214388576215221396663491984443067742263787264024212477244347842938066577043117995647400274369612403653814737339068225047641453182709824206687753689912418253153056587777 
1044 188501787658138776526316391973679239907820382867140805681144220780050698265428977917842924316820804490882044531700026161400423140624345724347059987430217219443542346615871751089083876220596224387399635909565487009065232689887930358404389913798458461035797425091600762263250923357187307004059038598692050448905404417 
1048 3016028602530220424421062271578867838525126125874252890898307532480811172246863646685486789069132871854112712507200418582406770249989531589552959798883475511096677545853948017425342019529539590198394174553047792145043723038206885734470238620775335376572758801465612196212014773714996912064944617579072807182486470657 
1052 48256457640483526790736996345261885416402018013988046254372920519692978755949818346967788625106125949665803400115206697318508323999832505432847356782135608177546840733663168278805472312472633443174306792848764674320699568611310171751523817932405366025164140823449795139392236379439950593039113881265164914919783530497 
1056 772103322247736428651791941524190166662432288223808740069966728315087660095197093551484618001698015194652854401843307157096133183997320086925557708514169730840749451738610692460887556999562135090788908685580234789131193097780962748024381086918485856402626253175196722230275782071039209488625822100242638638716536487937 
1060 12353653155963782858428671064387042666598916611580939841119467653041402561523153496823753888027168243114445670429492914513538130943957121390808923336226715693451991227817771079374200911992994161452622538969283756626099089564495403968390097390695773702442020050803147555684412513136627351818013153603882218219464583806977 
1064 197658450495420525734858737030192682665582665785295037457911482448662440984370455949180062208434691889831130726871886632216610095103313942252942773379627451095231859645084337269987214591887906583241960623508540106017585433031926463494241558251132379239072320812850360890950600210186037629088210457662115491511433340911617 
1068 3162535207926728411757739792483082922649322652564720599326583719178599055749927295186880995334955070237298091629950186115465761521653023076047084374074039217523709754321349396319795433470206505331871369976136641696281366928510823415907864932018118067825157133005605774255209603362976602065411367322593847864182933454585857 
1072 50600563326827654588123836679729326762389162441035529589225339506857584891998836722990095925359281123796769466079202977847452184346448369216753349985184627480379356069141590341116726935523304085309941919618186267140501870856173174654525838912289889085202514128089692388083353653807625633046581877161501565826926935273373697 
1076 809609013229242473409981386875669228198226599056568473427605432109721358271981387567841534805748497980748311457267247645559234949543173907468053599762954039686069697106265445457867630968372865364959070713890980274248029933698770794472413422596638225363240226049435078209333658460922010128745310034584025053230830964373979137 
1080 12953744211667879574559702190010707651171625584905095574841686913755541732351702201085464556891975967691972983316275962328947759192690782519488857596207264634977115153700247127325882095493965845839345131422255684387968478939180332711558614761546211605811843616790961251349338535374752162059924960553344400851693295429983666177 
1084 207259907386686073192955235040171322418746009358481529197466990620088667717627235217367432910271615483071567733060415397263164147083052520311821721539316234159633842459203954037214113527903453533429522102756090950207495663026885323384937836184739385692989497868655380021589416565996034592958799368853510413627092726879738658817 
1088 3316158518186977171087283760642741158699936149735704467159471849921418683482035763477878926564345847729145083728966646356210626353328840324989147544629059746554141479347263264595425816446455256534872353644097455203319930608430165174159005378955830171087831965898486080345430665055936553487340789901656166618033483630075818541057 
1092 53058536290991634737396540170283858539198978395771271474551549598742698935712572215646062825029533563666321339663466341699370021653261445199826360714064955944866263669556212233526813063143284104557957658305559283253118889734882642786544086063293282737405311454375777285526890640894984855797452638426498665888535738081213096656897 
1096 848936580655866155798344642724541736627183654332340343592824793579883182971401155450337005200472537018661141434615461467189920346452183123197221771425039295117860218712899395736429009010292545672927322532888948532049902235758122284584705377012692523798484983270012436568430250254319757692759242214823978654216571809299409546510337 
1100 13582985290493858492773514283592667786034938469317445497485196697278130927542418487205392083207560592298578262953847383475038725543234929971155548342800628721885763499406390331782864144164680730766837160526223176512798435772129956553355286032203080380775759732320198985094884004069116123084147875437183658467465148948790552744165377 
1104 217327764647901735884376228537482684576559015509079127959763147156450094840678695795286273331320969476777252207261558135600619608691758879538488773484810059550172215990502245308525826306634891692269394568419570824204774972354079304853684576515249286092412155717123183761518144065105857969346366006994938535479442383180648843906646017 
1108 3477244234366427774150019656599722953224944248145266047356210354503201517450859132724580373301135511628436035316184930169609913739068142072615820375756960952802755455848035924936413220906158267076310313094713133187276399557665268877658953224243988577478594491473970940184290305041693727509541856111919016567671078130890381502506336257 
1112 55635907749862844386400314505595567251599107970324256757699365672051224279213746123593285972818168186054976565058958882713758619825090273161853126012111375244844087293568574798982611534498532273220965009515410130996422392922644302042543251587903817239657511863583535042948644880667099640152669697790704265082737250094246104040101380097 
1116 890174523997805510182405032089529076025585727525188108123189850752819588467419937977492575565090690976879625040943342123420137917201444370589650016193782003917505396697097196783721784551976516371535440152246562095942758286762308832680692025406461075834520189817336560687178318090673594242442715164651268241323796001507937664641622081537 
1120 14242792383964888162918480513432465216409371640403009729971037612045113415478719007639881209041451055630074000655093473974722206675223109929434400259100512062680086347153555148539548552831624261944567042435944993535084132588196941322891072406503377213352323037077384970994853089450777507879083442634420291861180736024127002634265953304577 
1124 227884678143438210606695688214919443462549946246448155679536601792721814647659504122238099344663216890081184010481495583595555306803569758870950404145608193002881381554456882376632776845305988191113072678975119896561346121411151061166257158504054035413637168593238159535917649431212440126065335082150724669778891776386032042148255252873217 
1128 3646154850295011369707131011438711095400799139943170490872585628683549034362552065955809589514611470241298944167703929337528884908857116141935206466329731088046102104871310118026124429524895811057809162863601918344981537942578416978660114536064864566618194697491810552574682390899399042017045361314411594716462268422176512674372084045971457 
1132 58338477604720181915314096183019377526412786239090727853961370058936784549800833055292953432233783523860783106683262869400462158541713858270963303461275697408737633677940961888417990872398332976924946605817630693519704607081254671658561832577037833065891115159868968841194918254390384672272725781030585515463396294754824202789953344735543297 
1136 933415641675522910645025538928310040422604579825451645663381920942988552796813328884687254915740536381772529706932205910407394536667421732335412855380411158539802138847055390214687853958373327630799145693082091096315273713300074746536989321232605329054257842557903501459118692070246154756363612496489368247414340716077187244639253515768692737 
1140 14934650266808366570320408622852960646761673277207226330614110735087816844749013262154996078651848582108360475310915294566518312586678747717366605686086578536636834221552886243435005663333973242092786331089313457541044379412801195944591829139721685264868125480926456023345899073123938476101817799943829891958629451457234995914228056252299083777 
1144 238954404268933865125126537965647370348186772435315621289825771761405069515984212194479937258429577313733767604974644713064293001386859963477865690977385256586189347544846179894960090613343571873484581297429015320656710070604819135113469266235546964237890007694823296373534385169983015617629084799101278271338071223315759934627648900036785340417 
1148 3823270468302941842002024607450357925570988358965049940637212348182481112255747395111678996134873237019740281679594315409028688022189759415645851055638164105379029560717538878319361449813497149975753300758864245130507361129677106161815508259768751427806240123117172741976550162719728249882065356785620452341409139573052158954042382400588565446657 
1152 61172327492847069472032393719205726809135813743440799050195397570919697796091958321786863938157971792315844506873509046544459008355036150650333616890210625686064472971480622053109783197015954399612052812141827922088117778074833698589048132156300022844899841969874763871624802603515651998113045708569927237462546233168834543264678118409417047146497 
1156 978757239885553111552518299507291628946173019895052784803126361134715164737471333148589823010527548677053512109976144744711344133680578410405337870243370010977031567543689952849756531152255270393792844994269246753409884449197339177424770114500800365518397471517996221945996841656250431969808731337118835799400739730701352692234849894550672754343937 
1160 15660115838168849784840292792116666063138768318320844556850021778155442635799541330377437168168440778832856193759618315915381506138889254566485405923893920175632505080699039245596104498436084326300685519908307948054558151187157426838796321832012805848294359544287939551135949466500006911516939701393901372790411835691221643075757598312810764069502977 
1164 250561853410701596557444684673866657010220293093133512909600348450487082172792661286038994690695052461325699100153893054646104098222228073063766494782302722810120081291184627929537671974977349220810968318532927168872930418994518829420741149312204893572709752708607032818175191464000110584271035222302421964646589371059546289212121573004972225112047617 
1168 4008989654571225544919114954781866512163524689490136206553605575207793314764682580576623915051120839381211185602462288874337665571555649169020263916516843564961921300658954046872602751599637587532975493096526834701966886703912301270731858388995278297163356043337712525090803063424001769348336563556838751434345429936952740627393945168079555601792761857 
1172 64143834473139608718705839276509864194616395031842179304857689203324693036234921289225982640817933430099378969639396621989402649144890386704324222664269497039390740810543264749961644025594201400527607889544429355231470187262596820331709734223924452754613696693403400401452849014784028309573385016909420022949526878991243850038303122689272889628684189697 
1176 1026301351570233739499293428424157827113862320509474868877723027253195088579758740627615722253086934881590063514230345951830442386318246187269187562628311952630251852968692235999386304409507222408441726232710869683703522996201549125307355747582791244073819147094454406423245584236544452953174160270550720367192430063859901600612849963028366234058947035137 
1180 16420821625123739831988694854786525233821797128151597902043568436051121417276139850041851556049390958105441016227685535229287078181091938996307001002052991242084029647499075775990180870552115558535067619723373914939256367939224786004917691961324659905181106353511270502771929347784711247250786564328811525875078881021758425609805599408453859744943152562177 
1184 262733146001979837311819117676584403741148754050425566432697094976817942676418237600669624896790255329687056259642968563668593250897471023940912016032847859873344474359985212415842893928833848936561081915573982639028101887027596576078683071381194558482897701656180328044350869564555379956012585029260984414001262096348134809756889590535261755919090440994817 
1188 4203730336031677396989105882825350459858380064806809062923153519629087082822691801610713998348644085274992900154287497018697492014359536383054592256525565757973511589759763398653486302861341582984977310649183722224449630192441545217258929142099112935726363226498885248709613913032886079296201360468175750624020193541570156956110233448564188094705447055917057 
1192 67259685376506838351825694125205607357734081036908945006770456314065393325163068825771423973578305364399886402468599952299159872229752582128873476104409052127576185436156214378455780845781465327759636970386939555591194083079064723476142866273585806971621811623982163979353822608526177268739221767490812009984323096665122511297763735177027009515287152894672897 
1196 1076154966024109413629211106003289717723745296590543120108327301025046293202609101212342783577252885830398182439497599236786557955676041314061975617670544834041218966978499430055292493532503445244154191526191032889459105329265035575618285860377372911545948985983714623669661161736418836299827548279852992159749169546641960180764219762832432152244594446314766337 
1200 17218479456385750618067377696052635483579924745448689921733236816400740691241745619397484537236046173286370919031961587788584927290816661024991609882728717344659503471655990880884679896520055123906467064419056526231345685268240569209892573766037966584735183775739433978714578587782701380797240772477647874555986712746271362892227516205318914435913511141036261377 