1 4 
2 10 
3 28 
4 82 
5 244 
6 730 
7 2188 
8 6562 
9 19684 
10 59050 
11 177148 
12 531442 
13 1594324 
14 4782970 
15 14348908 
16 43046722 
17 129140164 
18 387420490 
19 1162261468 
20 3486784402 
21 10460353204 
22 31381059610 
23 94143178828 
24 282429536482 
25 847288609444 
26 2541865828330 
27 7625597484988 
28 22876792454962 
29 68630377364884 
30 205891132094650 
31 617673396283948 
32 1853020188851842 
33 5559060566555524 
34 16677181699666570 
35 50031545098999708 
36 150094635296999122 
37 450283905890997364 
38 1350851717672992090 
39 4052555153018976268 
40 12157665459056928802 
41 36472996377170786404 
42 109418989131512359210 
43 328256967394537077628 
44 984770902183611232882 
45 2954312706550833698644 
46 8862938119652501095930 
47 26588814358957503287788 
48 79766443076872509863362 
49 239299329230617529590084 
50 717897987691852588770250 
51 2153693963075557766310748 
52 6461081889226673298932242 
53 19383245667680019896796724 
54 58149737003040059690390170 
55 174449211009120179071170508 
56 523347633027360537213511522 
57 1570042899082081611640534564 
58 4710128697246244834921603690 
59 14130386091738734504764811068 
60 42391158275216203514294433202 
61 127173474825648610542883299604 
62 381520424476945831628649898810 
63 1144561273430837494885949696428 
64 3433683820292512484657849089282 
65 10301051460877537453973547267844 
66 30903154382632612361920641803530 
67 92709463147897837085761925410588 
68 278128389443693511257285776231762 
69 834385168331080533771857328695284 
70 2503155504993241601315571986085850 
71 7509466514979724803946715958257548 
72 22528399544939174411840147874772642 
73 67585198634817523235520443624317924 
74 202755595904452569706561330872953770 
75 608266787713357709119683992618861308 
76 1824800363140073127359051977856583922 
77 5474401089420219382077155933569751764 
78 16423203268260658146231467800709255290 
79 49269609804781974438694403402127765868 
80 147808829414345923316083210206383297602 
81 443426488243037769948249630619149892804 
82 1330279464729113309844748891857449678410 
83 3990838394187339929534246675572349035228 
84 11972515182562019788602740026717047105682 
85 35917545547686059365808220080151141317044 
86 107752636643058178097424660240453423951130 
87 323257909929174534292273980721360271853388 
88 969773729787523602876821942164080815560162 
89 2909321189362570808630465826492242446680484 
90 8727963568087712425891397479476727340041450 
91 26183890704263137277674192438430182020124348 
92 78551672112789411833022577315290546060373042 
93 235655016338368235499067731945871638181119124 
94 706965049015104706497203195837614914543357370 
95 2120895147045314119491609587512844743630072108 
96 6362685441135942358474828762538534230890216322 
97 19088056323407827075424486287615602692670648964 
98 57264168970223481226273458862846808078011946890 
99 171792506910670443678820376588540424234035840668 
100 515377520732011331036461129765621272702107522002 
101 1546132562196033993109383389296863818106322566004 
102 4638397686588101979328150167890591454318967698010 
103 13915193059764305937984450503671774362956903094028 
104 41745579179292917813953351511015323088870709282082 
105 125236737537878753441860054533045969266612127846244 
106 375710212613636260325580163599137907799836383538730 
107 1127130637840908780976740490797413723399509150616188 
108 3381391913522726342930221472392241170198527451848562 
109 10144175740568179028790664417176723510595582355545684 
110 30432527221704537086371993251530170531786747066637050 
111 91297581665113611259115979754590511595360241199911148 
112 273892744995340833777347939263771534786080723599733442 
113 821678234986022501332043817791314604358242170799200324 
114 2465034704958067503996131453373943813074726512397600970 
115 7395104114874202511988394360121831439224179537192802908 
116 22185312344622607535965183080365494317672538611578408722 
117 66555937033867822607895549241096482953017615834735226164 
118 199667811101603467823686647723289448859052847504205678490 
119 599003433304810403471059943169868346577158542512617035468 
120 1797010299914431210413179829509605039731475627537851106402 
121 5391030899743293631239539488528815119194426882613553319204 
122 16173092699229880893718618465586445357583280647840659957610 
123 48519278097689642681155855396759336072749841943521979872828 
124 145557834293068928043467566190278008218249525830565939618482 
125 436673502879206784130402698570834024654748577491697818855444 
126 1310020508637620352391208095712502073964245732475093456566330 
127 3930061525912861057173624287137506221892737197425280369698988 
128 11790184577738583171520872861412518665678211592275841109096962 
129 35370553733215749514562618584237555997034634776827523327290884 
130 106111661199647248543687855752712667991103904330482569981872650 
131 318334983598941745631063567258138003973311712991447709945617948 
132 955004950796825236893190701774414011919935138974343129836853842 
133 2865014852390475710679572105323242035759805416923029389510561524 
134 8595044557171427132038716315969726107279416250769088168531684570 
135 25785133671514281396116148947909178321838248752307264505595053708 
136 77355401014542844188348446843727534965514746256921793516785161122 
137 232066203043628532565045340531182604896544238770765380550355483364 
138 696198609130885597695136021593547814689632716312296141651066450090 
139 2088595827392656793085408064780643444068898148936888424953199350268 
140 6265787482177970379256224194341930332206694446810665274859598050802 
141 18797362446533911137768672583025790996620083340431995824578794152404 
142 56392087339601733413306017749077372989860250021295987473736382457210 
143 169176262018805200239918053247232118969580750063887962421209147371628 
144 507528786056415600719754159741696356908742250191663887263627442114882 
145 1522586358169246802159262479225089070726226750574991661790882326344644 
146 4567759074507740406477787437675267212178680251724974985372646979033930 
147 13703277223523221219433362313025801636536040755174924956117940937101788 
148 41109831670569663658300086939077404909608122265524774868353822811305362 
149 123329495011708990974900260817232214728824366796574324605061468433916084 
150 369988485035126972924700782451696644186473100389722973815184405301748250 
151 1109965455105380918774102347355089932559419301169168921445553215905244748 
152 3329896365316142756322307042065269797678257903507506764336659647715734242 
153 9989689095948428268966921126195809393034773710522520293009978943147202724 
154 29969067287845284806900763378587428179104321131567560879029936829441608170 
155 89907201863535854420702290135762284537312963394702682637089810488324824508 
156 269721605590607563262106870407286853611938890184108047911269431464974473522 
157 809164816771822689786320611221860560835816670552324143733808294394923420564 
158 2427494450315468069358961833665581682507450011656972431201424883184770261690 
159 7282483350946404208076885500996745047522350034970917293604274649554310785068 
160 21847450052839212624230656502990235142567050104912751880812823948662932355202 
161 65542350158517637872691969508970705427701150314738255642438471845988797065604 
162 196627050475552913618075908526912116283103450944214766927315415537966391196810 
163 589881151426658740854227725580736348849310352832644300781946246613899173590428 
164 1769643454279976222562683176742209046547931058497932902345838739841697520771282 
165 5308930362839928667688049530226627139643793175493798707037516219525092562313844 
166 15926791088519786003064148590679881418931379526481396121112548658575277686941530 
167 47780373265559358009192445772039644256794138579444188363337645975725833060824588 
168 143341119796678074027577337316118932770382415738332565090012937927177499182473762 
169 430023359390034222082732011948356798311147247214997695270038813781532497547421284 
170 1290070078170102666248196035845070394933441741644993085810116441344597492642263850 
171 3870210234510307998744588107535211184800325224934979257430349324033792477926791548 
172 11610630703530923996233764322605633554400975674804937772291047972101377433780374642 
173 34831892110592771988701292967816900663202927024414813316873143916304132301341123924 
174 104495676331778315966103878903450701989608781073244439950619431748912396904023371770 
175 313487028995334947898311636710352105968826343219733319851858295246737190712070115308 
176 940461086986004843694934910131056317906479029659199959555574885740211572136210345922 
177 2821383260958014531084804730393168953719437088977599878666724657220634716408631037764 
178 8464149782874043593254414191179506861158311266932799636000173971661904149225893113290 
179 25392449348622130779763242573538520583474933800798398908000521914985712447677679339868 
180 76177348045866392339289727720615561750424801402395196724001565744957137343033038019602 
181 228532044137599177017869183161846685251274404207185590172004697234871412029099114058804 
182 685596132412797531053607549485540055753823212621556770516014091704614236087297342176410 
183 2056788397238392593160822648456620167261469637864670311548042275113842708261892026529228 
184 6170365191715177779482467945369860501784408913594010934644126825341528124785676079587682 
185 18511095575145533338447403836109581505353226740782032803932380476024584374357028238763044 
186 55533286725436600015342211508328744516059680222346098411797141428073753123071084716289130 
187 166599860176309800046026634524986233548179040667038295235391424284221259369213254148867388 
188 499799580528929400138079903574958700644537122001114885706174272852663778107639762446602162 
189 1499398741586788200414239710724876101933611366003344657118522818557991334322919287339806484 
190 4498196224760364601242719132174628305800834098010033971355568455673974002968757862019419450 
191 13494588674281093803728157396523884917402502294030101914066705367021922008906273586058258348 
192 40483766022843281411184472189571654752207506882090305742200116101065766026718820758174775042 
193 121451298068529844233553416568714964256622520646270917226600348303197298080156462274524325124 
194 364353894205589532700660249706144892769867561938812751679801044909591894240469386823572975370 
195 1093061682616768598101980749118434678309602685816438255039403134728775682721408160470718926108 
196 3279185047850305794305942247355304034928808057449314765118209404186327048164224481412156778322 
197 9837555143550917382917826742065912104786424172347944295354628212558981144492673444236470334964 
198 29512665430652752148753480226197736314359272517043832886063884637676943433478020332709411004890 
199 88537996291958256446260440678593208943077817551131498658191653913030830300434060998128233014668 
200 265613988875874769338781322035779626829233452653394495974574961739092490901302182994384699044002 
201 796841966627624308016343966107338880487700357960183487923724885217277472703906548983154097132004 
202 2390525899882872924049031898322016641463101073880550463771174655651832418111719646949462291396010 
203 7171577699648618772147095694966049924389303221641651391313523966955497254335158940848386874188028 
204 21514733098945856316441287084898149773167909664924954173940571900866491763005476822545160622564082 
205 64544199296837568949323861254694449319503728994774862521821715702599475289016430467635481867692244 
206 193632597890512706847971583764083347958511186984324587565465147107798425867049291402906445603076730 
207 580897793671538120543914751292250043875533560952973762696395441323395277601147874208719336809230188 
208 1742693381014614361631744253876750131626600682858921288089186323970185832803443622626158010427690562 
209 5228080143043843084895232761630250394879802048576763864267558971910557498410330867878474031283071684 
210 15684240429131529254685698284890751184639406145730291592802676915731672495230992603635422093849215050 
211 47052721287394587764057094854672253553918218437190874778408030747195017485692977810906266281547645148 
212 141158163862183763292171284564016760661754655311572624335224092241585052457078933432718798844642935442 
213 423474491586551289876513853692050281985263965934717873005672276724755157371236800298156396533928806324 
214 1270423474759653869629541561076150845955791897804153619017016830174265472113710400894469189601786418970 
215 3811270424278961608888624683228452537867375693412460857051050490522796416341131202683407568805359256908 
216 11433811272836884826665874049685357613602127080237382571153151471568389249023393608050222706416077770722 
217 34301433818510654479997622149056072840806381240712147713459454414705167747070180824150668119248233312164 
218 102904301455531963439992866447168218522419143722136443140378363244115503241210542472452004357744699936490 
219 308712904366595890319978599341504655567257431166409329421135089732346509723631627417356013073234099809468 
220 926138713099787670959935798024513966701772293499227988263405269197039529170894882252068039219702299428402 
221 2778416139299363012879807394073541900105316880497683964790215807591118587512684646756204117659106898285204 
222 8335248417898089038639422182220625700315950641493051894370647422773355762538053940268612352977320694855610 
223 25005745253694267115918266546661877100947851924479155683111942268320067287614161820805837058931962084566828 
224 75017235761082801347754799639985631302843555773437467049335826804960201862842485462417511176795886253700482 
225 225051707283248404043264398919956893908530667320312401148007480414880605588527456387252533530387658761101444 
226 675155121849745212129793196759870681725592001960937203444022441244641816765582369161757600591162976283304330 
227 2025465365549235636389379590279612045176776005882811610332067323733925450296747107485272801773488928849912988 
228 6076396096647706909168138770838836135530328017648434830996201971201776350890241322455818405320466786549738962 
229 18229188289943120727504416312516508406590984052945304492988605913605329052670723967367455215961400359649216884 
230 54687564869829362182513248937549525219772952158835913478965817740815987158012171902102365647884201078947650650 
231 164062694609488086547539746812648575659318856476507740436897453222447961474036515706307096943652603236842951948 
232 492188083828464259642619240437945726977956569429523221310692359667343884422109547118921290830957809710528855842 
233 1476564251485392778927857721313837180933869708288569663932077079002031653266328641356763872492873429131586567524 
234 4429692754456178336783573163941511542801609124865708991796231237006094959798985924070291617478620287394759702570 
235 13289078263368535010350719491824534628404827374597126975388693711018284879396957772210874852435860862184279107708 
236 39867234790105605031052158475473603885214482123791380926166081133054854638190873316632624557307582586552837323122 
237 119601704370316815093156475426420811655643446371374142778498243399164563914572619949897873671922747759658511969364 
238 358805113110950445279469426279262434966930339114122428335494730197493691743717859849693621015768243278975535908090 
239 1076415339332851335838408278837787304900791017342367285006484190592481075231153579549080863047304729836926607724268 
240 3229246017998554007515224836513361914702373052027101855019452571777443225693460738647242589141914189510779823172802 
241 9687738053995662022545674509540085744107119156081305565058357715332329677080382215941727767425742568532339469518404 
242 29063214161986986067637023528620257232321357468243916695175073145996989031241146647825183302277227705597018408555210 
243 87189642485960958202911070585860771696964072404731750085525219437990967093723439943475549906831683116791055225665628 
244 261568927457882874608733211757582315090892217214195250256575658313972901281170319830426649720495049350373165676996882 
245 784706782373648623826199635272746945272676651642585750769726974941918703843510959491279949161485148051119497030990644 
246 2354120347120945871478598905818240835818029954927757252309180924825756111530532878473839847484455444153358491092971930 
247 7062361041362837614435796717454722507454089864783271756927542774477268334591598635421519542453366332460075473278915788 
248 21187083124088512843307390152364167522362269594349815270782628323431805003774795906264558627360098997380226419836747362 
249 63561249372265538529922170457092502567086808783049445812347884970295415011324387718793675882080296992140679259510242084 
250 190683748116796615589766511371277507701260426349148337437043654910886245033973163156381027646240890976422037778530726250 
251 572051244350389846769299534113832523103781279047445012311130964732658735101919489469143082938722672929266113335592178748 
252 1716153733051169540307898602341497569311343837142335036933392894197976205305758468407429248816168018787798340006776536242 
253 5148461199153508620923695807024492707934031511427005110800178682593928615917275405222287746448504056363395020020329608724 
254 15445383597460525862771087421073478123802094534281015332400536047781785847751826215666863239345512169090185060060988826170 
255 46336150792381577588313262263220434371406283602843045997201608143345357543255478647000589718036536507270555180182966478508 
256 139008452377144732764939786789661303114218850808529137991604824430036072629766435941001769154109609521811665540548899435522 
257 417025357131434198294819360368983909342656552425587413974814473290108217889299307823005307462328828565434996621646698306564 
258 1251076071394302594884458081106951728027969657276762241924443419870324653667897923469015922386986485696304989864940094919690 
259 3753228214182907784653374243320855184083908971830286725773330259610973961003693770407047767160959457088914969594820284759068 
260 11259684642548723353960122729962565552251726915490860177319990778832921883011081311221143301482878371266744908784460854277202 
261 33779053927646170061880368189887696656755180746472580531959972336498765649033243933663429904448635113800234726353382562831604 
262 101337161782938510185641104569663089970265542239417741595879917009496296947099731800990289713345905341400704179060147688494810 
263 304011485348815530556923313708989269910796626718253224787639751028488890841299195402970869140037716024202112537180443065484428 
264 912034456046446591670769941126967809732389880154759674362919253085466672523897586208912607420113148072606337611541329196453282 
265 2736103368139339775012309823380903429197169640464279023088757759256400017571692758626737822260339444217819012834623987589359844 
266 8208310104418019325036929470142710287591508921392837069266273277769200052715078275880213466781018332653457038503871962768079530 
267 24624930313254057975110788410428130862774526764178511207798819833307600158145234827640640400343054997960371115511615888304238588 
268 73874790939762173925332365231284392588323580292535533623396459499922800474435704482921921201029164993881113346534847664912715762 
269 221624372819286521775997095693853177764970740877606600870189378499768401423307113448765763603087494981643340039604542994738147284 
270 664873118457859565327991287081559533294912222632819802610568135499305204269921340346297290809262484944930020118813628984214441850 
271 1994619355373578695983973861244678599884736667898459407831704406497915612809764021038891872427787454834790060356440886952643325548 
272 5983858066120736087951921583734035799654210003695378223495113219493746838429292063116675617283362364504370181069322660857929976642 
273 17951574198362208263855764751202107398962630011086134670485339658481240515287876189350026851850087093513110543207967982573789929924 
274 53854722595086624791567294253606322196887890033258404011456018975443721545863628568050080555550261280539331629623903947721369789770 
275 161564167785259874374701882760818966590663670099775212034368056926331164637590885704150241666650783841617994888871711843164109369308 
276 484692503355779623124105648282456899771991010299325636103104170778993493912772657112450724999952351524853984666615135529492328107922 
277 1454077510067338869372316944847370699315973030897976908309312512336980481738317971337352174999857054574561953999845406588476984323764 
278 4362232530202016608116950834542112097947919092693930724927937537010941445214953914012056524999571163723685861999536219765430952971290 
279 13086697590606049824350852503626336293843757278081792174783812611032824335644861742036169574998713491171057585998608659296292858913868 
280 39260092771818149473052557510879008881531271834245376524351437833098473006934585226108508724996140473513172757995825977888878576741602 
281 117780278315454448419157672532637026644593815502736129573054313499295419020803755678325526174988421420539518273987477933666635730224804 
282 353340834946363345257473017597911079933781446508208388719162940497886257062411267034976578524965264261618554821962433800999907190674410 
283 1060022504839090035772419052793733239801344339524625166157488821493658771187233801104929735574895792784855664465887301402999721572023228 
284 3180067514517270107317257158381199719404033018573875498472466464480976313561701403314789206724687378354566993397661904208999164716069682 
285 9540202543551810321951771475143599158212099055721626495417399393442928940685104209944367620174062135063700980192985712626997494148209044 
286 28620607630655430965855314425430797474636297167164879486252198180328786822055312629833102860522186405191102940578957137880992482444627130 
287 85861822891966292897565943276292392423908891501494638458756594540986360466165937889499308581566559215573308821736871413642977447333881388 
288 257585468675898878692697829828877177271726674504483915376269783622959081398497813668497925744699677646719926465210614240928932342001644162 
289 772756406027696636078093489486631531815180023513451746128809350868877244195493441005493777234099032940159779395631842722786797026004932484 
290 2318269218083089908234280468459894595445540070540355238386428052606631732586480323016481331702297098820479338186895528168360391078014797450 
291 6954807654249269724702841405379683786336620211621065715159284157819895197759440969049443995106891296461438014560686584505081173234044392348 
292 20864422962747809174108524216139051359009860634863197145477852473459685593278322907148331985320673889384314043682059753515243519702133177042 
293 62593268888243427522325572648417154077029581904589591436433557420379056779834968721444995955962021668152942131046179260545730559106399531124 
294 187779806664730282566976717945251462231088745713768774309300672261137170339504906164334987867886065004458826393138537781637191677319198593370 
295 563339419994190847700930153835754386693266237141306322927902016783411511018514718493004963603658195013376479179415613344911575031957595780108 
296 1690018259982572543102790461507263160079798711423918968783706050350234533055544155479014890810974585040129437538246840034734725095872787340322 
297 5070054779947717629308371384521789480239396134271756906351118151050703599166632466437044672432923755120388312614740520104204175287618362020964 
298 15210164339843152887925114153565368440718188402815270719053354453152110797499897399311134017298771265361164937844221560312612525862855086062890 
299 45630493019529458663775342460696105322154565208445812157160063359456332392499692197933402051896313796083494813532664680937837577588565258188668 
300 136891479058588375991326027382088315966463695625337436471480190078368997177499076593800206155688941388250484440597994042813512732765695774566002 
301 410674437175765127973978082146264947899391086876012309414440570235106991532497229781400618467066824164751453321793982128440538198297087323698004 
302 1232023311527295383921934246438794843698173260628036928243321710705320974597491689344201855401200472494254359965381946385321614594891261971094010 
303 3696069934581886151765802739316384531094519781884110784729965132115962923792475068032605566203601417482763079896145839155964843784673785913282028 
304 11088209803745658455297408217949153593283559345652332354189895396347888771377425204097816698610804252448289239688437517467894531354021357739846082 
305 33264629411236975365892224653847460779850678036956997062569686189043666314132275612293450095832412757344867719065312552403683594062064073219538244 
306 99793888233710926097676673961542382339552034110870991187709058567130998942396826836880350287497238272034603157195937657211050782186192219658614730 
307 299381664701132778293030021884627147018656102332612973563127175701392996827190480510641050862491714816103809471587812971633152346558576658975844188 
308 898144994103398334879090065653881441055968306997838920689381527104178990481571441531923152587475144448311428414763438914899457039675729976927532562 
309 2694434982310195004637270196961644323167904920993516762068144581312536971444714324595769457762425433344934285244290316744698371119027189930782597684 
310 8083304946930585013911810590884932969503714762980550286204433743937610914334142973787308373287276300034802855732870950234095113357081569792347793050 
311 24249914840791755041735431772654798908511144288941650858613301231812832743002428921361925119861828900104408567198612850702285340071244709377043379148 
312 72749744522375265125206295317964396725533432866824952575839903695438498229007286764085775359585486700313225701595838552106856020213734128131130137442 
313 218249233567125795375618885953893190176600298600474857727519711086315494687021860292257326078756460100939677104787515656320568060641202384393390412324 
314 654747700701377386126856657861679570529800895801424573182559133258946484061065580876771978236269380302819031314362546968961704181923607153180171236970 
315 1964243102104132158380569973585038711589402687404273719547677399776839452183196742630315934708808140908457093943087640906885112545770821459540513710908 
316 5892729306312396475141709920755116134768208062212821158643032199330518356549590227890947804126424422725371281829262922720655337637312464378621541132722 
317 17678187918937189425425129762265348404304624186638463475929096597991555069648770683672843412379273268176113845487788768161966012911937393135864623398164 
318 53034563756811568276275389286796045212913872559915390427787289793974665208946312051018530237137819804528341536463366304485898038735812179407593870194490 
319 159103691270434704828826167860388135638741617679746171283361869381923995626838936153055590711413459413585024609390098913457694116207436538222781610583468 
320 477311073811304114486478503581164406916224853039238513850085608145771986880516808459166772134240378240755073828170296740373082348622309614668344831750402 
321 1431933221433912343459435510743493220748674559117715541550256824437315960641550425377500316402721134722265221484510890221119247045866928844005034495251204 
322 4295799664301737030378306532230479662246023677353146624650770473311947881924651276132500949208163404166795664453532670663357741137600786532015103485753610 
323 12887398992905211091134919596691438986738071032059439873952311419935843645773953828397502847624490212500386993360598011990073223412802359596045310457260828 
324 38662196978715633273404758790074316960214213096178319621856934259807530937321861485192508542873470637501160980081794035970219670238407078788135931371782482 
325 115986590936146899820214276370222950880642639288534958865570802779422592811965584455577525628620411912503482940245382107910659010715221236364407794115347444 
326 347959772808440699460642829110668852641927917865604876596712408338267778435896753366732576885861235737510448820736146323731977032145663709093223382346042330 
327 1043879318425322098381928487332006557925783753596814629790137225014803335307690260100197730657583707212531346462208438971195931096436991127279670147038126988 
328 3131637955275966295145785461996019673777351260790443889370411675044410005923070780300593191972751121637594039386625316913587793289310973381839010441114380962 
329 9394913865827898885437356385988059021332053782371331668111235025133230017769212340901779575918253364912782118159875950740763379867932920145517031323343142884 
330 28184741597483696656312069157964177063996161347113995004333705075399690053307637022705338727754760094738346354479627852222290139603798760436551093970029428650 
331 84554224792451089968936207473892531191988484041341985013001115226199070159922911068116016183264280284215039063438883556666870418811396281309653281910088285948 
332 253662674377353269906808622421677593575965452124025955039003345678597210479768733204348048549792840852645117190316650670000611256434188843928959845730264857842 
333 760988023132059809720425867265032780727896356372077865117010037035791631439306199613044145649378522557935351570949952010001833769302566531786879537190794573524 
334 2282964069396179429161277601795098342183689069116233595351030111107374894317918598839132436948135567673806054712849856030005501307907699595360638611572383720570 
335 6848892208188538287483832805385295026551067207348700786053090333322124682953755796517397310844406703021418164138549568090016503923723098786081915834717151161708 
336 20546676624565614862451498416155885079653201622046102358159270999966374048861267389552191932533220109064254492415648704270049511771169296358245747504151453485122 
337 61640029873696844587354495248467655238959604866138307074477812999899122146583802168656575797599660327192763477246946112810148535313507889074737242512454360455364 
338 184920089621090533762063485745402965716878814598414921223433438999697366439751406505969727392798980981578290431740838338430445605940523667224211727537363081366090 
339 554760268863271601286190457236208897150636443795244763670300316999092099319254219517909182178396942944734871295222515015291336817821571001672635182612089244098268 
340 1664280806589814803858571371708626691451909331385734291010900950997276297957762658553727546535190828834204613885667545045874010453464713005017905547836267732294802 
341 4992842419769444411575714115125880074355727994157202873032702852991828893873287975661182639605572486502613841657002635137622031360394139015053716643508803196884404 
342 14978527259308333234727142345377640223067183982471608619098108558975486681619863926983547918816717459507841524971007905412866094081182417045161149930526409590653210 
343 44935581777924999704181427036132920669201551947414825857294325676926460044859591780950643756450152378523524574913023716238598282243547251135483449791579228771959628 
344 134806745333774999112544281108398762007604655842244477571882977030779380134578775342851931269350457135570573724739071148715794846730641753406450349374737686315878882 
345 404420236001324997337632843325196286022813967526733432715648931092338140403736326028555793808051371406711721174217213446147384540191925260219351048124213058947636644 
346 1213260708003974992012898529975588858068441902580200298146946793277014421211208978085667381424154114220135163522651640338442153620575775780658053144372639176842909930 
347 3639782124011924976038695589926766574205325707740600894440840379831043263633626934257002144272462342660405490567954921015326460861727327341974159433117917530528729788 
348 10919346372035774928116086769780299722615977123221802683322521139493129790900880802771006432817387027981216471703864763045979382585181982025922478299353752591586189362 
349 32758039116107324784348260309340899167847931369665408049967563418479389372702642408313019298452161083943649415111594289137938147755545946077767434898061257774758568084 
350 98274117348321974353044780928022697503543794108996224149902690255438168118107927224939057895356483251830948245334782867413814443266637838233302304694183773324275704250 
351 294822352044965923059134342784068092510631382326988672449708070766314504354323781674817173686069449755492844736004348602241443329799913514699906914082551319972827112748 
352 884467056134897769177403028352204277531894146980966017349124212298943513062971345024451521058208349266478534208013045806724329989399740544099720742247653959918481338242 
353 2653401168404693307532209085056612832595682440942898052047372636896830539188914035073354563174625047799435602624039137420172989968199221632299162226742961879755444014724 
354 7960203505214079922596627255169838497787047322828694156142117910690491617566742105220063689523875143398306807872117412260518969904597664896897486680228885639266332044170 
355 23880610515642239767789881765509515493361141968486082468426353732071474852700226315660191068571625430194920423616352236781556909713792994690692460040686656917798996132508 
356 71641831546926719303369645296528546480083425905458247405279061196214424558100678946980573205714876290584761270849056710344670729141378984072077380122059970753396988397522 
357 214925494640780157910108935889585639440250277716374742215837183588643273674302036840941719617144628871754283812547170131034012187424136952216232140366179912260190965192564 
358 644776483922340473730326807668756918320750833149124226647511550765929821022906110522825158851433886615262851437641510393102036562272410856648696421098539736780572895577690 
359 1934329451767021421190980423006270754962252499447372679942534652297789463068718331568475476554301659845788554312924531179306109686817232569946089263295619210341718686733068 
360 5802988355301064263572941269018812264886757498342118039827603956893368389206154994705426429662904979537365662938773593537918329060451697709838267789886857631025156060199202 
361 17408965065903192790718823807056436794660272495026354119482811870680105167618464984116279288988714938612096988816320780613754987181355093129514803369660572893075468180597604 
362 52226895197709578372156471421169310383980817485079062358448435612040315502855394952348837866966144815836290966448962341841264961544065279388544410108981718679226404541792810 
363 156680685593128735116469414263507931151942452455237187075345306836120946508566184857046513600898434447508872899346887025523794884632195838165633230326945156037679213625378428 
364 470042056779386205349408242790523793455827357365711561226035920508362839525698554571139540802695303342526618698040661076571384653896587514496899690980835468113037640876135282 
365 1410126170338158616048224728371571380367482072097134683678107761525088518577095663713418622408085910027579856094121983229714153961689762543490699072942506404339112922628405844 
366 4230378511014475848144674185114714141102446216291404051034323284575265555731286991140255867224257730082739568282365949689142461885069287630472097218827519213017338767885217530 
367 12691135533043427544434022555344142423307338648874212153102969853725796667193860973420767601672773190248218704847097849067427385655207862891416291656482557639052016303655652588 
368 38073406599130282633302067666032427269922015946622636459308909561177390001581582920262302805018319570744656114541293547202282156965623588674248874969447672917156048910966957762 
369 114220219797390847899906202998097281809766047839867909377926728683532170004744748760786908415054958712233968343623880641606846470896870766022746624908343018751468146732900873284 
370 342660659392172543699718608994291845429298143519603728133780186050596510014234246282360725245164876136701905030871641924820539412690612298068239874725029056254404440198702619850 
371 1027981978176517631099155826982875536287894430558811184401340558151789530042702738847082175735494628410105715092614925774461618238071836894204719624175087168763213320596107859548 
372 3083945934529552893297467480948626608863683291676433553204021674455368590128108216541246527206483885230317145277844777323384854714215510682614158872525261506289639961788323578642 
373 9251837803588658679892402442845879826591049875029300659612065023366105770384324649623739581619451655690951435833534331970154564142646532047842476617575784518868919885364970735924 
374 27755513410765976039677207328537639479773149625087901978836195070098317311152973948871218744858354967072854307500602995910463692427939596143527429852727353556606759656094912207770 
375 83266540232297928119031621985612918439319448875263705936508585210294951933458921846613656234575064901218562922501808987731391077283818788430582289558182060669820278968284736623308 
376 249799620696893784357094865956838755317958346625791117809525755630884855800376765539840968703725194703655688767505426963194173231851456365291746868674546182009460836904854209869922 
377 749398862090681353071284597870516265953875039877373353428577266892654567401130296619522906111175584110967066302516280889582519695554369095875240606023638546028382510714562629609764 
378 2248196586272044059213853793611548797861625119632120060285731800677963702203390889858568718333526752332901198907548842668747559086663107287625721818070915638085147532143687888829290 
379 6744589758816132177641561380834646393584875358896360180857195402033891106610172669575706155000580256998703596722646528006242677259989321862877165454212746914255442596431063666487868 
380 20233769276448396532924684142503939180754626076689080542571586206101673319830518008727118465001740770996110790167939584018728031779967965588631496362638240742766327789293190999463602 
381 60701307829345189598774052427511817542263878230067241627714758618305019959491554026181355395005222312988332370503818752056184095339903896765894489087914722228298983367879572998390804 
382 182103923488035568796322157282535452626791634690201724883144275854915059878474662078544066185015666938964997111511456256168552286019711690297683467263744166684896950103638718995172410 
383 546311770464106706388966471847606357880374904070605174649432827564745179635423986235632198555047000816894991334534368768505656858059135070893050401791232500054690850310916156985517228 
384 1638935311392320119166899415542819073641124712211815523948298482694235538906271958706896595665141002450684974003603106305516970574177405212679151205373697500164072550932748470956551682 
385 4916805934176960357500698246628457220923374136635446571844895448082706616718815876120689786995423007352054922010809318916550911722532215638037453616121092500492217652798245412869655044 
386 14750417802530881072502094739885371662770122409906339715534686344248119850156447628362069360986269022056164766032427956749652735167596646914112360848363277501476652958394736238608965130 
387 44251253407592643217506284219656114988310367229719019146604059032744359550469342885086208082958807066168494298097283870248958205502789940742337082545089832504429958875184208715826895388 
388 132753760222777929652518852658968344964931101689157057439812177098233078651408028655258624248876421198505482894291851610746874616508369822227011247635269497513289876625552626147480686162 
389 398261280668333788957556557976905034894793305067471172319436531294699235954224085965775872746629263595516448682875554832240623849525109466681033742905808492539869629876657878442442058484 
390 1194783842005001366872669673930715104684379915202413516958309593884097707862672257897327618239887790786549346048626664496721871548575328400043101228717425477619608889629973635327326175450 
391 3584351526015004100618009021792145314053139745607240550874928781652293123588016773691982854719663372359648038145879993490165614645725985200129303686152276432858826668889920905981978526348 
392 10753054578045012301854027065376435942159419236821721652624786344956879370764050321075948564158990117078944114437639980470496843937177955600387911058456829298576480006669762717945935579042 
393 32259163734135036905562081196129307826478257710465164957874359034870638112292150963227845692476970351236832343312919941411490531811533866801163733175370487895729440020009288153837806737124 
394 96777491202405110716686243588387923479434773131395494873623077104611914336876452889683537077430911053710497029938759824234471595434601600403491199526111463687188320060027864461513420211370 
395 290332473607215332150058730765163770438304319394186484620869231313835743010629358669050611232292733161131491089816279472703414786303804801210473598578334391061564960180083593384540260634108 
396 870997420821645996450176192295491311314912958182559453862607693941507229031888076007151833696878199483394473269448838418110244358911414403631420795735003173184694880540250780153620781902322 
397 2612992262464937989350528576886473933944738874547678361587823081824521687095664228021455501090634598450183419808346515254330733076734243210894262387205009519554084641620752340460862345706964 
398 7838976787394813968051585730659421801834216623643035084763469245473565061286992684064366503271903795350550259425039545762992199230202729632682787161615028558662253924862257021382587037120890 
399 23516930362184441904154757191978265405502649870929105254290407736420695183860978052193099509815711386051650778275118637288976597690608188898048361484845085675986761774586771064147761111362668 
400 70550791086553325712464271575934796216507949612787315762871223209262085551582934156579298529447134158154952334825355911866929793071824566694145084454535257027960285323760313192443283334088002 
401 211652373259659977137392814727804388649523848838361947288613669627786256654748802469737895588341402474464857004476067735600789379215473700082435253363605771083880855971280939577329850002264004 
402 634957119778979931412178444183413165948571546515085841865841008883358769964246407409213686765024207423394571013428203206802368137646421100247305760090817313251642567913842818731989550006792010 
403 1904871359336939794236535332550239497845714639545257525597523026650076309892739222227641060295072622270183713040284609620407104412939263300741917280272451939754927703741528456195968650020376028 
404 5714614078010819382709605997650718493537143918635772576792569079950228929678217666682923180885217866810551139120853828861221313238817789902225751840817355819264783111224585368587905950061128082 
405 17143842234032458148128817992952155480611431755907317730377707239850686789034653000048769542655653600431653417362561486583663939716453369706677255522452067457794349333673756105763717850183384244 
406 51431526702097374444386453978856466441834295267721953191133121719552060367103959000146308627966960801294960252087684459750991819149360109120031766567356202373383048001021268317291153550550152730 
407 154294580106292123333159361936569399325502885803165859573399365158656181101311877000438925883900882403884880756263053379252975457448080327360095299702068607120149144003063804951873460651650458188 
408 462883740318876369999478085809708197976508657409497578720198095475968543303935631001316777651702647211654642268789160137758926372344240982080285899106205821360447432009191414855620381954951374562 
409 1388651220956629109998434257429124593929525972228492736160594286427905629911806893003950332955107941634963926806367480413276779117032722946240857697318617464081342296027574244566861145864854123684 
410 4165953662869887329995302772287373781788577916685478208481782859283716889735420679011850998865323824904891780419102441239830337351098168838722573091955852392244026888082722733700583437594562371050 
411 12497860988609661989985908316862121345365733750056434625445348577851150669206262037035552996595971474714675341257307323719491012053294506516167719275867557176732080664248168201101750312783687113148 
412 37493582965828985969957724950586364036097201250169303876336045733553452007618786111106658989787914424144026023771921971158473036159883519548503157827602671530196241992744504603305250938351061339442 
413 112480748897486957909873174851759092108291603750507911629008137200660356022856358333319976969363743272432078071315765913475419108479650558645509473482808014590588725978233513809915752815053184018324 
414 337442246692460873729619524555277276324874811251523734887024411601981068068569074999959930908091229817296234213947297740426257325438951675936528420448424043771766177934700541429747258445159552054970 
415 1012326740077382621188858573665831828974624433754571204661073234805943204205707224999879792724273689451888702641841893221278771976316855027809585261345272131315298533804101624289241775335478656164908 
416 3036980220232147863566575720997495486923873301263713613983219704417829612617121674999639378172821068355666107925525679663836315928950565083428755784035816393945895601412304872867725326006435968494722 
417 9110940660696443590699727162992486460771619903791140841949659113253488837851365024998918134518463205066998323776577038991508947786851695250286267352107449181837686804236914618603175978019307905484164 
418 27332821982089330772099181488977459382314859711373422525848977339760466513554095074996754403555389615200994971329731116974526843360555085750858802056322347545513060412710743855809527934057923716452490 
419 81998465946267992316297544466932378146944579134120267577546932019281399540662285224990263210666168845602984913989193350923580530081665257252576406168967042636539181238132231567428583802173771149357468 
420 245995397838803976948892633400797134440833737402360802732640796057844198621986855674970789631998506536808954741967580052770741590244995771757729218506901127909617543714396694702285751406521313448072402 
421 737986193516411930846677900202391403322501212207082408197922388173532595865960567024912368895995519610426864225902740158312224770734987315273187655520703383728852631143190084106857254219563940344217204 
422 2213958580549235792540033700607174209967503636621247224593767164520597787597881701074737106687986558831280592677708220474936674312204961945819562966562110151186557893429570252320571762658691821032651610 
423 6641875741647707377620101101821522629902510909863741673781301493561793362793645103224211320063959676493841778033124661424810022936614885837458688899686330453559673680288710756961715287976075463097954828 
424 19925627224943122132860303305464567889707532729591225021343904480685380088380935309672633960191879029481525334099373984274430068809844657512376066699058991360679021040866132270885145863928226389293864482 
425 59776881674829366398580909916393703669122598188773675064031713442056140265142805929017901880575637088444576002298121952823290206429533972537128200097176974082037063122598396812655437591784679167881593444 
426 179330645024488099195742729749181111007367794566321025192095140326168420795428417787053705641726911265333728006894365858469870619288601917611384600291530922246111189367795190437966312775354037503644780330 
427 537991935073464297587228189247543333022103383698963075576285420978505262386285253361161116925180733796001184020683097575409611857865805752834153800874592766738333568103385571313898938326062112510934340988 
428 1613975805220392892761684567742629999066310151096889226728856262935515787158855760083483350775542201388003552062049292726228835573597417258502461402623778300215000704310156713941696814978186337532803022962 
429 4841927415661178678285053703227889997198930453290667680186568788806547361476567280250450052326626604164010656186147878178686506720792251775507384207871334900645002112930470141825090444934559012598409068884 
430 14525782246983536034855161109683669991596791359872003040559706366419642084429701840751350156979879812492031968558443634536059520162376755326522152623614004701935006338791410425475271334803677037795227206650 
431 43577346740950608104565483329051009974790374079616009121679119099258926253289105522254050470939639437476095905675330903608178560487130265979566457870842014105805019016374231276425814004411031113385681619948 
432 130732040222851824313696449987153029924371122238848027365037357297776778759867316566762151412818918312428287717025992710824535681461390797938699373612526042317415057049122693829277442013233093340157044859842 
433 392196120668555472941089349961459089773113366716544082095112071893330336279601949700286454238456754937284863151077978132473607044384172393816098120837578126952245171147368081487832326039699280020471134579524 
434 1176588362005666418823268049884377269319340100149632246285336215679991008838805849100859362715370264811854589453233934397420821133152517181448294362512734380856735513442104244463496978119097840061413403738570 
435 3529765086016999256469804149653131807958020300448896738856008647039973026516417547302578088146110794435563768359701803192262463399457551544344883087538203142570206540326312733390490934357293520184240211215708 
436 10589295258050997769409412448959395423874060901346690216568025941119919079549252641907734264438332383306691305079105409576787390198372654633034649262614609427710619620978938200171472803071880560552720633647122 
437 31767885774152993308228237346878186271622182704040070649704077823359757238647757925723202793314997149920073915237316228730362170595117963899103947787843828283131858862936814600514418409215641681658161900941364 
438 95303657322458979924684712040634558814866548112120211949112233470079271715943273777169608379944991449760221745711948686191086511785353891697311843363531484849395576588810443801543255227646925044974485702824090 
439 285910971967376939774054136121903676444599644336360635847336700410237815147829821331508825139834974349280665237135846058573259535356061675091935530090594454548186729766431331404629765682940775134923457108472268 
440 857732915902130819322162408365711029333798933009081907542010101230713445443489463994526475419504923047841995711407538175719778606068185025275806590271783363644560189299293994213889297048822325404770371325416802 
441 2573198747706392457966487225097133088001396799027245722626030303692140336330468391983579426258514769143525987134222614527159335818204555075827419770815350090933680567897881982641667891146466976214311113976250404 
442 7719596243119177373899461675291399264004190397081737167878090911076421008991405175950738278775544307430577961402667843581478007454613665227482259312446050272801041703693645947925003673439400928642933341928751210 
443 23158788729357532121698385025874197792012571191245211503634272733229263026974215527852214836326632922291733884208003530744434022363840995682446777937338150818403125111080937843775011020318202785928800025786253628 
444 69476366188072596365095155077622593376037713573735634510902818199687789080922646583556644508979898766875201652624010592233302067091522987047340333812014452455209375333242813531325033060954608357786400077358760882 
445 208429098564217789095285465232867780128113140721206903532708454599063367242767939750669933526939696300625604957872031776699906201274568961142021001436043357365628125999728440593975099182863825073359200232076282644 
446 625287295692653367285856395698603340384339422163620710598125363797190101728303819252009800580819088901876814873616095330099718603823706883426063004308130072096884377999185321781925297548591475220077600696228847930 
447 1875861887077960101857569187095810021153018266490862131794376091391570305184911457756029401742457266705630444620848285990299155811471120650278189012924390216290653133997555965345775892645774425660232802088686543788 
448 5627585661233880305572707561287430063459054799472586395383128274174710915554734373268088205227371800116891333862544857970897467434413361950834567038773170648871959401992667896037327677937323276980698406266059631362 
449 16882756983701640916718122683862290190377164398417759186149384822524132746664203119804264615682115400350674001587634573912692402303240085852503701116319511946615878205978003688111983033811969830942095218798178894084 
450 50648270951104922750154368051586870571131493195253277558448154467572398239992609359412793847046346201052022004762903721738077206909720257557511103348958535839847634617934011064335949101435909492826285656394536682250 
451 151944812853314768250463104154760611713394479585759832675344463402717194719977828078238381541139038603156066014288711165214231620729160772672533310046875607519542903853802033193007847304307728478478856969183610046748 
452 455834438559944304751389312464281835140183438757279498026033390208151584159933484234715144623417115809468198042866133495642694862187482318017599930140626822558628711561406099579023541912923185435436570907550830140242 
453 1367503315679832914254167937392845505420550316271838494078100170624454752479800452704145433870251347428404594128598400486928084586562446954052799790421880467675886134684218298737070625738769556306309712722652490420724 
454 4102509947039498742762503812178536516261650948815515482234300511873364257439401358112436301610754042285213782385795201460784253759687340862158399371265641403027658404052654896211211877216308668918929138167957471262170 
455 12307529841118496228287511436535609548784952846446546446702901535620092772318204074337308904832262126855641347157385604382352761279062022586475198113796924209082975212157964688633635631648926006756787414503872413786508 
456 36922589523355488684862534309606828646354858539339639340108704606860278316954612223011926714496786380566924041472156813147058283837186067759425594341390772627248925636473894065900906894946778020270362243511617241359522 
457 110767768570066466054587602928820485939064575618018918020326113820580834950863836669035780143490359141700772124416470439441174851511558203278276783024172317881746776909421682197702720684840334060811086730534851724078564 
458 332303305710199398163762808786461457817193726854056754060978341461742504852591510007107340430471077425102316373249411318323524554534674609834830349072516953645240330728265046593108162054521002182433260191604555172235690 
459 996909917130598194491288426359384373451581180562170262182935024385227514557774530021322021291413232275306949119748233954970573663604023829504491047217550860935720992184795139779324486163563006547299780574813665516707068 
460 2990729751391794583473865279078153120354743541686510786548805073155682543673323590063966063874239696825920847359244701864911720990812071488513473141652652582807162976554385419337973458490689019641899341724440996550121202 
461 8972189254175383750421595837234459361064230625059532359646415219467047631019970770191898191622719090477762542077734105594735162972436214465540419424957957748421488929663156258013920375472067058925698025173322989650363604 
462 26916567762526151251264787511703378083192691875178597078939245658401142893059912310575694574868157271433287626233202316784205488917308643396621258274873873245264466788989468774041761126416201176777094075519968968951090810 
463 80749703287578453753794362535110134249578075625535791236817736975203428679179736931727083724604471814299862878699606950352616466751925930189863774824621619735793400366968406322125283379248603530331282226559906906853272428 
464 242249109862735361261383087605330402748734226876607373710453210925610286037539210795181251173813415442899588636098820851057849400255777790569591324473864859207380201100905218966375850137745810590993846679679720720559817282 
465 726747329588206083784149262815991208246202680629822121131359632776830858112617632385543753521440246328698765908296462553173548200767333371708773973421594577622140603302715656899127550413237431772981540039039162161679451844 
466 2180241988764618251352447788447973624738608041889466363394078898330492574337852897156631260564320738986096297724889387659520644602302000115126321920264783732866421809908146970697382651239712295318944620117117486485038355530 
467 6540725966293854754057343365343920874215824125668399090182236694991477723013558691469893781692962216958288893174668162978561933806906000345378965760794351198599265429724440912092147953719136885956833860351352459455115066588 
468 19622177898881564262172030096031762622647472377005197270546710084974433169040676074409681345078886650874866679524004488935685801420718001036136897282383053595797796289173322736276443861157410657870501581054057378365345199762 
469 58866533696644692786516090288095287867942417131015591811640130254923299507122028223229044035236659952624600038572013466807057404262154003108410691847149160787393388867519968208829331583472231973611504743162172135096035599284 
470 176599601089934078359548270864285863603827251393046775434920390764769898521366084669687132105709979857873800115716040400421172212786462009325232075541447482362180166602559904626487994750416695920834514229486516405288106797850 
471 529798803269802235078644812592857590811481754179140326304761172294309695564098254009061396317129939573621400347148121201263516638359386027975696226624342447086540499807679713879463984251250087762503542688459549215864320393548 
472 1589396409809406705235934437778572772434445262537420978914283516882929086692294762027184188951389818720864201041444363603790549915078158083927088679873027341259621499423039141638391952753750263287510628065378647647592961180642 
473 4768189229428220115707803313335718317303335787612262936742850550648787260076884286081552566854169456162592603124333090811371649745234474251781266039619082023778864498269117424915175858261250789862531884196135942942778883541924 
474 14304567688284660347123409940007154951910007362836788810228551651946361780230652858244657700562508368487777809372999272434114949235703422755343798118857246071336593494807352274745527574783752369587595652588407828828336650625770 
475 42913703064853981041370229820021464855730022088510366430685654955839085340691958574733973101687525105463333428118997817302344847707110268266031394356571738214009780484422056824236582724351257108762786957765223486485009951877308 
476 128741109194561943124110689460064394567190066265531099292056964867517256022075875724201919305062575316390000284356993451907034543121330804798094183069715214642029341453266170472709748173053771326288360873295670459455029855631922 
477 386223327583685829372332068380193183701570198796593297876170894602551768066227627172605757915187725949170000853070980355721103629363992414394282549209145643926088024359798511418129244519161313978865082619887011378365089566895764 
478 1158669982751057488116996205140579551104710596389779893628512683807655304198682881517817273745563177847510002559212941067163310888091977243182847647627436931778264073079395534254387733557483941936595247859661034135095268700687290 
479 3476009948253172464350988615421738653314131789169339680885538051422965912596048644553451821236689533542530007677638823201489932664275931729548542942882310795334792219238186602763163200672451825809785743578983102405285806102061868 
480 10428029844759517393052965846265215959942395367508019042656614154268897737788145933660355463710068600627590023032916469604469797992827795188645628828646932386004376657714559808289489602017355477429357230736949307215857418306185602 
481 31284089534278552179158897538795647879827186102524057127969842462806693213364437800981066391130205801882770069098749408813409393978483385565936886485940797158013129973143679424868468806052066432288071692210847921647572254918556804 
482 93852268602835656537476692616386943639481558307572171383909527388420079640093313402943199173390617405648310207296248226440228181935450156697810659457822391474039389919431038274605406418156199296864215076632543764942716764755670410 
483 281556805808506969612430077849160830918444674922716514151728582165260238920279940208829597520171852216944930621888744679320684545806350470093431978373467174422118169758293114823816219254468597890592645229897631294828150294267011228 
484 844670417425520908837290233547482492755334024768149542455185746495780716760839820626488792560515556650834791865666234037962053637419051410280295935120401523266354509274879344471448657763405793671777935689692893884484450882801033682 
485 2534011252276562726511870700642447478266002074304448627365557239487342150282519461879466377681546669952504375596998702113886160912257154230840887805361204569799063527824638033414345973290217381015333807069078681653453352648403101044 
486 7602033756829688179535612101927342434798006222913345882096671718462026450847558385638399133044640009857513126790996106341658482736771462692522663416083613709397190583473914100243037919870652143046001421207236044960360057945209303130 
487 22806101270489064538606836305782027304394018668740037646290015155386079352542675156915197399133920029572539380372988319024975448210314388077567990248250841128191571750421742300729113759611956429138004263621708134881080173835627909388 
488 68418303811467193615820508917346081913182056006220112938870045466158238057628025470745592197401760088717618141118964957074926344630943164232703970744752523384574715251265226902187341278835869287414012790865124404643240521506883728162 
489 205254911434401580847461526752038245739546168018660338816610136398474714172884076412236776592205280266152854423356894871224779033892829492698111912234257570153724145753795680706562023836507607862242038372595373213929721564520651184484 
490 615764734303204742542384580256114737218638504055981016449830409195424142518652229236710329776615840798458563270070684613674337101678488478094335736702772710461172437261387042119686071509522823586726115117786119641789164693561953553450 
491 1847294202909614227627153740768344211655915512167943049349491227586272427555956687710130989329847522395375689810212053841023011305035465434283007210108318131383517311784161126359058214528568470760178345353358358925367494080685860660348 
492 5541882608728842682881461222305032634967746536503829148048473682758817282667870063130392967989542567186127069430636161523069033915106396302849021630324954394150551935352483379077174643585705412280535036060075076776102482242057581981042 
493 16625647826186528048644383666915097904903239609511487444145421048276451848003610189391178903968627701558381208291908484569207101745319188908547064890974863182451655806057450137231523930757116236841605108180225230328307446726172745943124 
494 49876943478559584145933151000745293714709718828534462332436263144829355544010830568173536711905883104675143624875725453707621305235957566725641194672924589547354967418172350411694571792271348710524815324540675690984922340178518237829370 
495 149630830435678752437799453002235881144129156485603386997308789434488066632032491704520610135717649314025430874627176361122863915707872700176923584018773768642064902254517051235083715376814046131574445973622027072954767020535554713488108 
496 448892491307036257313398359006707643432387469456810160991926368303464199896097475113561830407152947942076292623881529083368591747123618100530770752056321305926194706763551153705251146130442138394723337920866081218864301061606664140464322 
497 1346677473921108771940195077020122930297162408370430482975779104910392599688292425340685491221458843826228877871644587250105775241370854301592312256168963917778584120290653461115753438391326415184170013762598243656592903184819992421392964 
498 4040032421763326315820585231060368790891487225111291448927337314731177799064877276022056473664376531478686633614933761750317325724112562904776936768506891753335752360871960383347260315173979245552510041287794730969778709554459977264178890 
499 12120097265289978947461755693181106372674461675333874346782011944193533397194631828066169420993129594436059900844801285250951977172337688714330810305520675260007257082615881150041780945521937736657530123863384192909336128663379931792536668 
500 36360291795869936842385267079543319118023385026001623040346035832580600191583895484198508262979388783308179702534403855752855931517013066142992430916562025780021771247847643450125342836565813209972590371590152578728008385990139795377610002 
501 109080875387609810527155801238629957354070155078004869121038107497741800574751686452595524788938166349924539107603211567258567794551039198428977292749686077340065313743542930350376028509697439629917771114770457736184025157970419386132830004 
502 327242626162829431581467403715889872062210465234014607363114322493225401724255059357786574366814499049773617322809634701775703383653117595286931878249058232020195941230628791051128085529092318889753313344311373208552075473911258158398490010 
503 981727878488488294744402211147669616186631395702043822089342967479676205172765178073359723100443497149320851968428904105327110150959352785860795634747174696060587823691886373153384256587276956669259940032934119625656226421733774475195470028 
504 2945183635465464884233206633443008848559894187106131466268028902439028615518295534220079169301330491447962555905286712315981330452878058357582386904241524088181763471075659119460152769761830870007779820098802358876968679265201323425586410082 
505 8835550906396394652699619900329026545679682561318394398804086707317085846554886602660237507903991474343887667715860136947943991358634175072747160712724572264545290413226977358380458309285492610023339460296407076630906037795603970276759230244 
506 26506652719189183958098859700987079637039047683955183196412260121951257539664659807980712523711974423031663003147580410843831974075902525218241482138173716793635871239680932075141374927856477830070018380889221229892718113386811910830277690730 
507 79519958157567551874296579102961238911117143051865549589236780365853772618993979423942137571135923269094989009442741232531495922227707575654724446414521150380907613719042796225424124783569433490210055142667663689678154340160435732490833072188 
508 238559874472702655622889737308883716733351429155596648767710341097561317856981938271826412713407769807284967028328223697594487766683122726964173339243563451142722841157128388676272374350708300470630165428002991069034463020481307197472499216562 
509 715679623418107966868669211926651150200054287466789946303131023292683953570945814815479238140223309421854901084984671092783463300049368180892520017730690353428168523471385166028817123052124901411890496284008973207103389061443921592417497649684 
510 2147038870254323900606007635779953450600162862400369838909393069878051860712837444446437714420669928265564703254954013278350389900148104542677560053192071060284505570414155498086451369156374704235671488852026919621310167184331764777252492949050 
511 6441116610762971701818022907339860351800488587201109516728179209634155582138512333339313143262009784796694109764862039835051169700444313628032680159576213180853516711242466494259354107469124112707014466556080758863930501552995294331757478847148 
512 19323349832288915105454068722019581055401465761603328550184537628902466746415537000017939429786029354390082329294586119505153509101332940884098040478728639542560550133727399482778062322407372338121043399668242276591791504658985882995272436541442 
513 57970049496866745316362206166058743166204397284809985650553612886707400239246611000053818289358088063170246987883758358515460527303998822652294121436185918627681650401182198448334186967222117014363130199004726829775374513976957648985817309624324 
514 173910148490600235949086618498176229498613191854429956951660838660122200717739833000161454868074264189510740963651275075546381581911996467956882364308557755883044951203546595345002560901666351043089390597014180489326123541930872946957451928872970 
515 521730445471800707847259855494528688495839575563289870854982515980366602153219499000484364604222792568532222890953825226639144745735989403870647092925673267649134853610639786035007682704999053129268171791042541467978370625792618840872355786618908 
516 1565191336415402123541779566483586065487518726689869612564947547941099806459658497001453093812668377705596668672861475679917434237207968211611941278777019802947404560831919358105023048114997159387804515373127624403935111877377856522617067359856722 
517 4695574009246206370625338699450758196462556180069608837694842643823299419378975491004359281438005133116790006018584427039752302711623904634835823836331059408842213682495758074315069144344991478163413546119382873211805335632133569567851202079570164 
518 14086722027738619111876016098352274589387668540208826513084527931469898258136926473013077844314015399350370018055753281119256908134871713904507471508993178226526641047487274222945207433034974434490240638358148619635416006896400708703553606238710490 
519 42260166083215857335628048295056823768163005620626479539253583794409694774410779419039233532942046198051110054167259843357770724404615141713522414526979534679579923142461822668835622299104923303470721915074445858906248020689202126110660818716131468 
520 126780498249647572006884144885170471304489016861879438617760751383229084323232338257117700598826138594153330162501779530073312173213845425140567243580938604038739769427385468006506866897314769910412165745223337576718744062067606378331982456148394402 
521 380341494748942716020652434655511413913467050585638315853282254149687252969697014771353101796478415782459990487505338590219936519641536275421701730742815812116219308282156404019520600691944309731236497235670012730156232186202819134995947368445183204 
522 1141024484246828148061957303966534241740401151756914947559846762449061758909091044314059305389435247347379971462516015770659809558924608826265105192228447436348657924846469212058561802075832929193709491707010038190468696558608457404987842105335549610 
523 3423073452740484444185871911899602725221203455270744842679540287347185276727273132942177916168305742042139914387548047311979428676773826478795315576685342309045973774539407636175685406227498787581128475121030114571406089675825372214963526316006648828 
524 10269220358221453332557615735698808175663610365812234528038620862041555830181819398826533748504917226126419743162644141935938286030321479436385946730056026927137921323618222908527056218682496362743385425363090343714218269027476116644890578948019946482 
525 30807661074664359997672847207096424526990831097436703584115862586124667490545458196479601245514751678379259229487932425807814858090964438309157840190168080781413763970854668725581168656047489088230156276089271031142654807082428349934671736844059839444 
526 92422983223993079993018541621289273580972493292310110752347587758374002471636374589438803736544255035137777688463797277423444574272893314927473520570504242344241291912564006176743505968142467264690468828267813093427964421247285049804015210532179518330 
527 277268949671979239979055624863867820742917479876930332257042763275122007414909123768316411209632765105413333065391391832270333722818679944782420561711512727032723875737692018530230517904427401794071406484803439280283893263741855149412045631596538554988 
528 831806849015937719937166874591603462228752439630790996771128289825366022244727371304949233628898295316239999196174175496811001168456039834347261685134538181098171627213076055590691553713282205382214219454410317840851679791225565448236136894789615664962 
529 2495420547047813159811500623774810386686257318892372990313384869476098066734182113914847700886694885948719997588522526490433003505368119503041785055403614543294514881639228166772074661139846616146642658363230953522555039373676696344708410684368846994884 
530 7486261641143439479434501871324431160058771956677118970940154608428294200202546341744543102660084657846159992765567579471299010516104358509125355166210843629883544644917684500316223983419539848439927975089692860567665118121030089034125232053106540984650 
531 22458784923430318438303505613973293480176315870031356912820463825284882600607639025233629307980253973538479978296702738413897031548313075527376065498632530889650633934753053500948671950258619545319783925269078581702995354363090267102375696159319622953948 
532 67376354770290955314910516841919880440528947610094070738461391475854647801822917075700887923940761920615439934890108215241691094644939226582128196495897592668951901804259160502846015850775858635959351775807235745108986063089270801307127088477958868861842 
533 202129064310872865944731550525759641321586842830282212215384174427563943405468751227102663771822285761846319804670324645725073283934817679746384589487692778006855705412777481508538047552327575907878055327421707235326958189267812403921381265433876606585524 
534 606387192932618597834194651577278923964760528490846636646152523282691830216406253681307991315466857285538959414010973937175219851804453039239153768463078334020567116238332444525614142656982727723634165982265121705980874567803437211764143796301629819756570 
535 1819161578797855793502583954731836771894281585472539909938457569848075490649218761043923973946400571856616878242032921811525659555413359117717461305389235002061701348714997333576842427970948183170902497946795365117942623703410311635292431388904889459269708 
536 5457484736393567380507751864195510315682844756417619729815372709544226471947656283131771921839201715569850634726098765434576978666240077353152383916167705006185104046144992000730527283912844549512707493840386095353827871110230934905877294166714668377809122 
537 16372454209180702141523255592586530947048534269252859189446118128632679415842968849395315765517605146709551904178296296303730935998720232059457151748503115018555312138434976002191581851738533648538122481521158286061483613330692804717631882500144005133427364 
538 49117362627542106424569766777759592841145602807758577568338354385898038247528906548185947296552815440128655712534888888911192807996160696178371455245509345055665936415304928006574745555215600945614367444563474858184450839992078414152895647500432015400282090 
539 147352087882626319273709300333278778523436808423275732705015063157694114742586719644557841889658446320385967137604666666733578423988482088535114365736528035166997809245914784019724236665646802836843102333690424574553352519976235242458686942501296046200846268 
540 442056263647878957821127900999836335570310425269827198115045189473082344227760158933673525668975338961157901412814000000200735271965446265605343097209584105500993427737744352059172709996940408510529307001071273723660057559928705727376060827503888138602538802 
543 11935519118492731861170453326995581060398381482285334349106220115773223294149524291209185193062334151951263338145978000005419852343067049171344263624658770848526822548919097505597663169917391029784291289028924390538821554118075054639153642342604979742268547628 
549 8700993437381201526793260475379778593030420100586008740498434464398679781435003208291496005742441596772470973508417962003951072358095878845909968182376243948576053638162022081580696450869778060712748349702085880702800912952076714831943005267759030232113771220084 
555 6343024215850895913032286886551858594319176253327200371823358724546637560666117338844500588186239924047131339687636694300880331749051895678668366804952281838511943102220114097472327712684068206259593546932820607032341865542063925112486450840196333039210939219440508 
561 4624064653355303120600537140296304915258679488675529071059228510194498781725599540017640928787768904630358746632287150145341761845058831949749239400810213460275206521518463177057326902546685722363243695714026222526577219980164601407002622662503126785584774690972129604 
567 3370943132296015974917791575276006283223577347244460692802177583931789611877962064672860237086283531475531526294937332455954144385047888491367195523190645612540625554186959656074791311956533891602804654175525116221874793365539994425704911920964779426691300749718682480588 
573 2457417543443795645715070058376208580469987886141211845052787458686274627059034345146515112835900694445662482669009315360390571256699910710206685536405980651542116029002293589278522866416313206978444592893957809725746724363478655936338880790383324202057958246544919528347924 
579 1791457389170527025726286072556256055162621168996943435043482057382294203126036037611809517257371606250887949865707790897724726446134234907740673756039959894974202585142672026584043169617492327887286108219695243290069362060975940177591044096189443343300251561731246336165635868 
585 1305972436705314201754462546893510664213550832198771764146698419831692474078880271419009138080623900956897315452100979564441325579231857247742951168153130763436193684569007907379767470651151907029831572892157832358460564942451460389463871146122104197265883388502078579064748547044 
591 952053906358174053079003196685369274211678556672904616062943148057303813603503717864457661660774823797578142964581614102477726347260023933604611401583632326544985196050806764479850486104689740224747216638383059789317751843047114623919162065523013959806828990218015284138201690794348 
597 694047297735108884694593330383634200900313667814547465109885554933774480116954210323189635350704846548434466221179996680706262507152557447597761711754467966051294207921038131305811004370318820623840720929381250586412641093581346560837069145766277176699178333868933142136749032589078964 
603 505960480048894376942358537849669332456328663836805102065106569546721596005259619325605244170663833133808725875240217580234865367714214379298768287869007147251393477574436797721936222185962420234779885557518931677494815357220801642850223407263616061813701005390452260617690044757438564028 
609 368845189955644000790979374092408943360663595937030919405462689199560043487834262488366223000413934354546561163050118615991216853063662282508802081856506210346265845151764425539291505973566604351154536571431301192893720395413964397637812863895176109062188032929639697990296042628172713175684 
615 268888143477664476576623963713366119709923761438095540246582300426479271702631177354018976567301758144464443087863536471057597085883409803948916717673393027342427801115636266218143507854730054571991657160573418569619522168256780045877965577779583383506335076005707339834925815075937907905072908 
621 196019456595217403424358869547043901268534422088371648839758497010903389071218128291079833917562981687314579011052518087400988275609005747078760287183903516932629867013298838073026617226098209782981918070058022137252631660659192653445036906201316286576118270408160650739660919190358734862798149204 
627 142898183857913487096357615899795004024761593702422932004183944320948570632918015524197198925903413650052328099057285685715320452918965189620416249357065663843887173052694852955236403957825594931793818273072298138057168480620551444361431904620759572913990219127549114389212810089771517714979850768988 
633 104172776032418932093244701990950557934051201809066317431050095409971507991397233317139758016983588550888147184212761264886468610177925623233283445781300868942193749155414547804367338485254858705277693521069705342643675822372382002939483858468533728654298869743983304389736138555443436414220311210591524 
639 75941953727633401495975387751402956733923326118809345407235519553869229325728583088194883594381036053597459297291102962102235616819707779337063631974568333458859243134297205349383789755750791996147438576859815194787239674509466480142883732823561088188983876043363828900117645006918265145966606872521220268 
645 55361684267444749690566057670772755459030104740612012801874693754770668178456137071294070140303775283072547827725214059372529764661566971136719387709460315091508388244902662699700782731942327365191482722530805276999897722717401064024162241228376033289769245635612231268185763210043415291409656410067969574644 
651 40358667830967222524422656041993338729632946355906157332566651747227817102094523924973377132281452181359887366411681049282574198438282321958668433640196569701709615030534041108081870611585956649224590904724957046932925439860985375673614273855486128268241780068361316594507421380121649747437639522939549819914748 
657 29421468848775105220304116254613143933902417893455588695441089123729078667426907941305591929433178640211357890114115484926996590661507812707869288123703299312546309357259315967791683675846162397284726769544493687214102645658658338866064805640649387507548257669835399797395910186108682665882039212222931818717850564 
663 21448250790757051705601700749612981927814862644329124158976553971198498348554215889211776516556787228714079901893190188511780514592239195464036711042179705198846259521442041340520137399691852387620565814997935897979080828685161929033361243312033403493002679841310006452301618525673229663428006585710517295845313060428 
669 15635774826461890693383639846467863825377034867715931511893907845003705296096023383235385080569897889732564248480135647425087995137742373493282762349749005089958923191131248137239180164375360390575392479133495269626749924111483046265320346374472351146398953604314994703727879905215784424639016800982967108671233221051284 
675 11398479848490718315476673448075072728699858418564914072170658819007701160854001046378595723735455561615039337142018886972889148455414190276603133752967024710580055006334679892047362339829637724729461117288318051557900694677271140727418532506990343985724837177545631139017624450902306845561843247916583022221329018146385308 
681 8309491809549733651982494943646728019222196787133822358612410279056614146262566762809996282603147104417363676776531768603236189223996944711643684505912961014012860099617981641302527145735805901327777154503183859585709606419730661590288110197595960765593406302430765100343848224707781690414583727731189023199348854228714888804 
687 6057619529161755832295238813918464726012981457820556499428447093432271712625411170088487290017694239120258120370091659311759181944293772694788246004810548579215375012621508616509542289241402502067949545632821033637982303079983652299320032334047455398117593194472027758150665355811972852312231537516036797912325314732733153937388 
693 4416004636758920001743229095346560785263463482751185688083337931112126078503924742994507234422899100318668169749796819638272443637390160294500631337506889914248008384201079781435456328856982424007535218766326533522089098945308082526204303571520594985227725438770108235691835044386928209335616790849190825678085154440162469220355124 
699 3219267380197252681270814010507642812457064878925614366612753351780739911229361137642995773894293444132309095747601881516300611411657426854690960245042522747486798112082587160666447663736740187101493174480652042937602953131129592161602937303638513744231011844863408903819347747358070664605664640529060111919324077586878440061638884668 
705 2346845920163797204646423413660071610281200296736772873260697193448159395286204269341743919168939920772453330800001771625383145719098264177069710018635999082917875823708206040125840346864083596396988524196395339301512552832593472685808541294352476519544407634905425090884304507824033514497529522945684821589187252560834382804934746922244 
711 1710850675799408162187242668558192203894995016321107424607048254023708199163642912350131317074157202243118478153201291514904313229222634585083818603585643331447131475483282203251737612863916941773404634139172202350802651014960641587954426603582955382747873165846054891254657986203720432068699022227404234938517507116848265064797430506315148 
717 1247210142657768550234499905378922116639451366898087312538538177183283277190295683103245730147060600435233370573683741514365244344103300612526103762013933988624958845627312726170516719777795450552811978287456535513735132589906307717618776994011974474023199537901774015724645671942512194978081587203777687270179262688182385232237326839103742164 
723 909216193997513273120950431021234223030160046468705650840594331166613509071725552982266137277207177717285127148215447563972263126851306146531529642508157877707594998462310977378306688718012883452999932171555814389512911658041698326144088428634729391562912463130393257463266694846091390139021477071553934019960682499684958834301011265706628036828 
729 662818605424187176105172864214479748588986673875686419462793267420461248113287928124072014075084032555900857691049061274135779819474602180821485109388447092848836753879024702508785576075431392037236950553064188689954912598712398079759040464474717726449363185622056684690721420542800623411346656785162817900551337542270334990205437212700131838846884 
735 483194763354232451380671018012355736721371285255375399788376291949516249874586899602448498260736259733251725256774765668844983488396984989818862644744177930686801993577809008128904684958989484795145736953183793554977131284461338200144340498602069222581585762318479323139535915575701654466871712796383694249501925068315074207859763728058396110519377708 
741 352248982485235457056509172131007332069879666951168666445726316831197346158573849810184955232076733345540507712188804172587992963041402057577950868018505711470678653318222766925971515335103334415661242238870985501578328706372315547905224223480908463261976020730171426568721682454686506106349478628563713107886903374801689097529767757754570764568626348404 
747 256789508231736648194195186483504345078942277207401957838934484969942865349600336511624832364183938608899030122185638241816646870057182099974326182785490663662124738268984397089033234679290330789017045592136948430650601626945418034422908458917582269717980519112294969968598106509466462951528769920222946855649552560230431352099200695403082087370528607985788 
753 187199551500936016533568290946474667562548920084196027264583239543088348839858645316974502793490091245887392959073330278284335568271685750881283787250622693809688934198089625477905228081202651145193426236667835405944288586043209747094300266550917474624407798432863033107108019645401051491664473271842528257768523816407984455680317306948846841693115355221638724 
759 136468473044182356052971284099980032653098162741378903875881181626911406304256952436074412536454276518251909467164457772869280629270058912392455880905703943787263233030407336973392911271196732684846007726530852010933386379225499905631744894315618839001193285057557151135081746321497366537423401015173203099913253862161420668190951316765709347594281093956574629068 
765 99485516849208937562616066108885443804108560638465220925517381406018415195803318325898246739075167581805642001562889716421705578737872947134100337180258175020914896879166948653603432316702418127252739632640991115970438670455389431205542027956086133631869904806959163177474593068371580205781659340061265059836762065515675667111203509922202114396230917494342904589844 
771 72524941783073315483147112193377488533195140705441146054702171044987424677740619059579821872785797167136313019139346603271423366899909378460759145804408209590246959824912705568476902158876062814767247192195282523542449790761978895348840138379986791417633160604273229956378978346842881970014829658904662228620999545760927561324067358733285341394852338853375977445995548 
777 52870682559860446987214244788972189140699257574266595473877882691795832590072911294433690145260846134842372190952583673784867634470033936897893417291413584791290033712361362359419661673820649791965323203110360959662445897465482614709304460879010370943454574080515184638200275214848460956140810821341498764664708668859716192205245104516565013876847355024111087558130753764 
783 38542727586138265853679184451160725883569758771640348100456976482319161958163152333642160115895156832300089327204433498189168505528654739998564301205440503312850434576311433160016933360215253698342720615067453139593923059252336826123082951980798560417778384504695569601248000631624528037026651088757952599440572619598733104117623681192575895116221721812576982829877319493228 
789 28097648410294795807332125464896169169122354144525813765233135855610669067500938051225134724487569330746765119532032020179903840530389305458953375578766126915067966806131034773652344419596919946091843328384173338763969910194953546243727471994002150544560442303923070239309792460454280938992428643704547444992177439687476432901747663589387827539725635201368620482980565910562484 
795 20483185691104906143545119463909307324290196171359318234854956038740177750208183839343123214151438042114391772138851342711149899746653803679577010796920506521084547801669524349992559081886154640700953786392062363958934064532121135211677327083627567746984562439559918204456838703671170804525480481260615087399297353532170319585374046756663726276459988061797724332092832548800050108 
801 14932242368815476578644392089189885039407553008920942993209262952241589579901766018881136823116398332701391601889222628836428276915310622882411640870955049253870635347417083251144575570695006733070995310279813463326062933043916307569312771443964496887551746018439180371049035414976283516499075270838988398714087770724952162977737680085607856455539331297050541038095674928075236528004 
807 10885604686866482425831761833019426193728106143503367442049552692184118803748387427764348744051854384539314477777243296421756213871261444081278086194926230906071693168267053690084395591036659908408755581193984014764699878189014988218029010382650118231025222847442162490494746817517710683527825872441622542662569984858490126810770768782408127356088172515549844416771747022566847428914188 
813 7935605816725665688431354376271161695227789378613954865254123912602222607932574434840210234413801846329160254299610363091460279912149592735251724836101222330526264319666682140071524385865725073229982818690414346763466211199791926410943148568951936190417387455785336455570670429970411088291785061009942833601013518961839302445051890442375524842588277763835836579826603579451231775678442324 
819 5785056640393010286866457340301676875821058457009573096770256332287020281182846762998513260887661545973957825384415954693674544055957053103998507405517791078953646689037011280112141277296113578384657474825312058790566867964648314353577555306765961482814275455267510276111018743448429683364711309476248325695138855323180851482442828132491757610246854489836324866693594009419947964469584453468 
825 4217306290846504499125647401079922442473551615159978787545516866237237784982295290225916167187105267015015254705239230971688742616792691712814911898622469696557208436307981223201750991148866798642415299147652490858323246746228621163758037818632385920971606806890014991284932663973905239172874544608185029431756225530598840730700821708586491297869956923090680827819630032867142066098327066577444 
831 3074416286027101779862596955387263460563219127451624536120681795486946345252093266574692885879399739653946120680119399378361093367641872258642070774095780408790204950068518311714076472547523896210320753078638665835717646878000664828379609569783009336388301362222820928646715912036976919357025543019366886455750288411806554892680899025559552156147198596933106323480510293960146566185680431534955948 
837 2241249472513757197519833180477315062750586743912234286831977028909983885688775991332951113806082410207726721975807042146825237065010924876550069594315823918008059408599949849239561748487144920337323828994327587394238164574062484659888735376371813806227071693060436456983455899874956174211271620861118460226241960252206978516764375389632913521831307777164234509817292004296946846749361034588982885364 
843 1633870865462528996991958388567962680745177736312018795100511254075378252667117697681721361964634077041432780320363333725035597820392964235005000734256235636227875308869363440095640514647128646925909071336864811210399621974491551317058888089375052264739535264241058177140939351008843051000017011607755357504930389023858887338721229659042393957415023369552726957656805871132474251280284194215368523429628 
849 1191091860922183638807137665266044794263234569771461701628272704220950746194328801609974872872218242163204496853544870285550950811066470927318645535272795778810121100165765947829721935177756783608987713004574447372381324419404340910135929417154413100995121207631731411135744786885446584179012401462053655621094253598393128869927776421441905194955552036403937952131811480055573729183327177583003653580198084 