1 11 
2 101 
3 1001 
4 10001 
5 100001 
6 1000001 
7 10000001 
8 100000001 
9 1000000001 
10 10000000001 
11 100000000001 
12 1000000000001 
13 10000000000001 
14 100000000000001 
15 1000000000000001 
16 10000000000000001 
17 100000000000000001 
18 1000000000000000001 
19 10000000000000000001 
20 100000000000000000001 
21 1000000000000000000001 
22 10000000000000000000001 
23 100000000000000000000001 
24 1000000000000000000000001 
25 10000000000000000000000001 
26 100000000000000000000000001 
27 1000000000000000000000000001 
28 10000000000000000000000000001 
29 100000000000000000000000000001 
30 1000000000000000000000000000001 
31 10000000000000000000000000000001 
32 100000000000000000000000000000001 
33 1000000000000000000000000000000001 
34 10000000000000000000000000000000001 
35 100000000000000000000000000000000001 
36 1000000000000000000000000000000000001 
37 10000000000000000000000000000000000001 
38 100000000000000000000000000000000000001 
39 1000000000000000000000000000000000000001 
40 10000000000000000000000000000000000000001 
41 100000000000000000000000000000000000000001 
42 1000000000000000000000000000000000000000001 
43 10000000000000000000000000000000000000000001 
44 100000000000000000000000000000000000000000001 
45 1000000000000000000000000000000000000000000001 
46 10000000000000000000000000000000000000000000001 
47 100000000000000000000000000000000000000000000001 
48 1000000000000000000000000000000000000000000000001 
49 10000000000000000000000000000000000000000000000001 
50 100000000000000000000000000000000000000000000000001 
51 1000000000000000000000000000000000000000000000000001 
52 10000000000000000000000000000000000000000000000000001 
53 100000000000000000000000000000000000000000000000000001 
54 1000000000000000000000000000000000000000000000000000001 
55 10000000000000000000000000000000000000000000000000000001 
56 100000000000000000000000000000000000000000000000000000001 
57 1000000000000000000000000000000000000000000000000000000001 
58 10000000000000000000000000000000000000000000000000000000001 
59 100000000000000000000000000000000000000000000000000000000001 
60 1000000000000000000000000000000000000000000000000000000000001 
61 10000000000000000000000000000000000000000000000000000000000001 
62 100000000000000000000000000000000000000000000000000000000000001 
63 1000000000000000000000000000000000000000000000000000000000000001 
64 10000000000000000000000000000000000000000000000000000000000000001 
65 100000000000000000000000000000000000000000000000000000000000000001 
66 1000000000000000000000000000000000000000000000000000000000000000001 
67 10000000000000000000000000000000000000000000000000000000000000000001 
68 100000000000000000000000000000000000000000000000000000000000000000001 
69 1000000000000000000000000000000000000000000000000000000000000000000001 
70 10000000000000000000000000000000000000000000000000000000000000000000001 
71 100000000000000000000000000000000000000000000000000000000000000000000001 
72 1000000000000000000000000000000000000000000000000000000000000000000000001 
73 10000000000000000000000000000000000000000000000000000000000000000000000001 
74 100000000000000000000000000000000000000000000000000000000000000000000000001 
75 1000000000000000000000000000000000000000000000000000000000000000000000000001 
76 10000000000000000000000000000000000000000000000000000000000000000000000000001 
77 100000000000000000000000000000000000000000000000000000000000000000000000000001 
78 1000000000000000000000000000000000000000000000000000000000000000000000000000001 
79 10000000000000000000000000000000000000000000000000000000000000000000000000000001 
80 100000000000000000000000000000000000000000000000000000000000000000000000000000001 
81 1000000000000000000000000000000000000000000000000000000000000000000000000000000001 
82 10000000000000000000000000000000000000000000000000000000000000000000000000000000001 
83 100000000000000000000000000000000000000000000000000000000000000000000000000000000001 
84 1000000000000000000000000000000000000000000000000000000000000000000000000000000000001 
85 10000000000000000000000000000000000000000000000000000000000000000000000000000000000001 
86 100000000000000000000000000000000000000000000000000000000000000000000000000000000000001 
87 1000000000000000000000000000000000000000000000000000000000000000000000000000000000000001 
88 10000000000000000000000000000000000000000000000000000000000000000000000000000000000000001 
89 100000000000000000000000000000000000000000000000000000000000000000000000000000000000000001 
90 1000000000000000000000000000000000000000000000000000000000000000000000000000000000000000001 
91 10000000000000000000000000000000000000000000000000000000000000000000000000000000000000000001 
92 100000000000000000000000000000000000000000000000000000000000000000000000000000000000000000001 
93 1000000000000000000000000000000000000000000000000000000000000000000000000000000000000000000001 
94 10000000000000000000000000000000000000000000000000000000000000000000000000000000000000000000001 
95 100000000000000000000000000000000000000000000000000000000000000000000000000000000000000000000001 
96 1000000000000000000000000000000000000000000000000000000000000000000000000000000000000000000000001 
97 10000000000000000000000000000000000000000000000000000000000000000000000000000000000000000000000001 
98 100000000000000000000000000000000000000000000000000000000000000000000000000000000000000000000000001 
99 1000000000000000000000000000000000000000000000000000000000000000000000000000000000000000000000000001 
100 10000000000000000000000000000000000000000000000000000000000000000000000000000000000000000000000000001 
101 100000000000000000000000000000000000000000000000000000000000000000000000000000000000000000000000000001 
102 1000000000000000000000000000000000000000000000000000000000000000000000000000000000000000000000000000001 
103 10000000000000000000000000000000000000000000000000000000000000000000000000000000000000000000000000000001 
104 100000000000000000000000000000000000000000000000000000000000000000000000000000000000000000000000000000001 
105 1000000000000000000000000000000000000000000000000000000000000000000000000000000000000000000000000000000001 
106 10000000000000000000000000000000000000000000000000000000000000000000000000000000000000000000000000000000001 
107 100000000000000000000000000000000000000000000000000000000000000000000000000000000000000000000000000000000001 
108 1000000000000000000000000000000000000000000000000000000000000000000000000000000000000000000000000000000000001 
109 10000000000000000000000000000000000000000000000000000000000000000000000000000000000000000000000000000000000001 
110 100000000000000000000000000000000000000000000000000000000000000000000000000000000000000000000000000000000000001 
111 1000000000000000000000000000000000000000000000000000000000000000000000000000000000000000000000000000000000000001 
112 10000000000000000000000000000000000000000000000000000000000000000000000000000000000000000000000000000000000000001 
113 100000000000000000000000000000000000000000000000000000000000000000000000000000000000000000000000000000000000000001 
114 1000000000000000000000000000000000000000000000000000000000000000000000000000000000000000000000000000000000000000001 
115 10000000000000000000000000000000000000000000000000000000000000000000000000000000000000000000000000000000000000000001 
116 100000000000000000000000000000000000000000000000000000000000000000000000000000000000000000000000000000000000000000001 
117 1000000000000000000000000000000000000000000000000000000000000000000000000000000000000000000000000000000000000000000001 
118 10000000000000000000000000000000000000000000000000000000000000000000000000000000000000000000000000000000000000000000001 
119 100000000000000000000000000000000000000000000000000000000000000000000000000000000000000000000000000000000000000000000001 
120 1000000000000000000000000000000000000000000000000000000000000000000000000000000000000000000000000000000000000000000000001 
121 10000000000000000000000000000000000000000000000000000000000000000000000000000000000000000000000000000000000000000000000001 
122 100000000000000000000000000000000000000000000000000000000000000000000000000000000000000000000000000000000000000000000000001 
123 1000000000000000000000000000000000000000000000000000000000000000000000000000000000000000000000000000000000000000000000000001 
124 10000000000000000000000000000000000000000000000000000000000000000000000000000000000000000000000000000000000000000000000000001 
125 100000000000000000000000000000000000000000000000000000000000000000000000000000000000000000000000000000000000000000000000000001 
126 1000000000000000000000000000000000000000000000000000000000000000000000000000000000000000000000000000000000000000000000000000001 
127 10000000000000000000000000000000000000000000000000000000000000000000000000000000000000000000000000000000000000000000000000000001 
128 100000000000000000000000000000000000000000000000000000000000000000000000000000000000000000000000000000000000000000000000000000001 
129 1000000000000000000000000000000000000000000000000000000000000000000000000000000000000000000000000000000000000000000000000000000001 
130 10000000000000000000000000000000000000000000000000000000000000000000000000000000000000000000000000000000000000000000000000000000001 
131 100000000000000000000000000000000000000000000000000000000000000000000000000000000000000000000000000000000000000000000000000000000001 
132 1000000000000000000000000000000000000000000000000000000000000000000000000000000000000000000000000000000000000000000000000000000000001 
133 10000000000000000000000000000000000000000000000000000000000000000000000000000000000000000000000000000000000000000000000000000000000001 
134 100000000000000000000000000000000000000000000000000000000000000000000000000000000000000000000000000000000000000000000000000000000000001 
135 1000000000000000000000000000000000000000000000000000000000000000000000000000000000000000000000000000000000000000000000000000000000000001 
136 10000000000000000000000000000000000000000000000000000000000000000000000000000000000000000000000000000000000000000000000000000000000000001 
137 100000000000000000000000000000000000000000000000000000000000000000000000000000000000000000000000000000000000000000000000000000000000000001 
138 1000000000000000000000000000000000000000000000000000000000000000000000000000000000000000000000000000000000000000000000000000000000000000001 
139 10000000000000000000000000000000000000000000000000000000000000000000000000000000000000000000000000000000000000000000000000000000000000000001 
140 100000000000000000000000000000000000000000000000000000000000000000000000000000000000000000000000000000000000000000000000000000000000000000001 
141 1000000000000000000000000000000000000000000000000000000000000000000000000000000000000000000000000000000000000000000000000000000000000000000001 
142 10000000000000000000000000000000000000000000000000000000000000000000000000000000000000000000000000000000000000000000000000000000000000000000001 
143 100000000000000000000000000000000000000000000000000000000000000000000000000000000000000000000000000000000000000000000000000000000000000000000001 
144 1000000000000000000000000000000000000000000000000000000000000000000000000000000000000000000000000000000000000000000000000000000000000000000000001 
145 10000000000000000000000000000000000000000000000000000000000000000000000000000000000000000000000000000000000000000000000000000000000000000000000001 
146 100000000000000000000000000000000000000000000000000000000000000000000000000000000000000000000000000000000000000000000000000000000000000000000000001 
147 1000000000000000000000000000000000000000000000000000000000000000000000000000000000000000000000000000000000000000000000000000000000000000000000000001 
148 10000000000000000000000000000000000000000000000000000000000000000000000000000000000000000000000000000000000000000000000000000000000000000000000000001 
149 100000000000000000000000000000000000000000000000000000000000000000000000000000000000000000000000000000000000000000000000000000000000000000000000000001 
150 1000000000000000000000000000000000000000000000000000000000000000000000000000000000000000000000000000000000000000000000000000000000000000000000000000001 