1 13 
2 145 
3 1729 
4 20737 
5 248833 
6 2985985 
7 35831809 
8 429981697 
9 5159780353 
10 61917364225 
11 743008370689 
12 8916100448257 
13 106993205379073 
14 1283918464548865 
15 15407021574586369 
16 184884258895036417 
17 2218611106740436993 
18 26623333280885243905 
19 319479999370622926849 
20 3833759992447475122177 
21 46005119909369701466113 
22 552061438912436417593345 
23 6624737266949237011120129 
24 79496847203390844133441537 
25 953962166440690129601298433 
26 11447545997288281555215581185 
27 137370551967459378662586974209 
28 1648446623609512543951043690497 
29 19781359483314150527412524285953 
30 237376313799769806328950291431425 
31 2848515765597237675947403497177089 
32 34182189187166852111368841966125057 
33 410186270246002225336426103593500673 
34 4922235242952026704037113243122008065 
35 59066822915424320448445358917464096769 
36 708801874985091845381344307009569161217 
37 8505622499821102144576131684114829934593 
38 102067469997853225734913580209377959215105 
39 1224809639974238708818962962512535510581249 
40 14697715679690864505827555550150426126974977 
41 176372588156290374069930666601805113523699713 
42 2116471057875484488839167999221661362284396545 
43 25397652694505813866070015990659936347412758529 
44 304771832334069766392840191887919236168953102337 
45 3657261988008837196714082302655030834027437228033 
46 43887143856106046360568987631860370008329246736385 
47 526645726273272556326827851582324440099950960836609 
48 6319748715279270675921934218987893281199411530039297 
49 75836984583351248111063210627854719374392938360471553 
50 910043815000214977332758527534256632492715260325658625 
51 10920525780002579727993102330411079589912583123907903489 
52 131046309360030956735917227964932955078950997486894841857 
53 1572555712320371480831006735579195460947411969842738102273 
54 18870668547844457769972080826950345531368943638112857227265 
55 226448022574133493239664969923404146376427323657354286727169 
56 2717376270889601918875979639080849756517127883888251440726017 
57 32608515250675223026511755668970197078205534606659017288712193 
58 391302183008102676318141068027642364938466415279908207464546305 
59 4695626196097232115817692816331708379261596983358898489574555649 
60 56347514353166785389812313795980500551139163800306781874894667777 
61 676170172238001424677747765551766006613669965603681382498736013313 
62 8114042066856017096132973186621192079364039587244176589984832159745 
63 97368504802272205153595678239454304952368475046930119079817985916929 
64 1168422057627266461843148138873451659428421700563161428957815831003137 
65 14021064691527197542117777666481419913141060406757937147493789972037633 
66 168252776298326370505413331997777038957692724881095245769925479664451585 
67 2019033315579916446064959983973324467492312698573142949239105755973419009 
68 24228399786958997352779519807679893609907752382877715390869269071681028097 
69 290740797443507968233354237692158723318893028594532584690431228860172337153 
70 3488889569322095618800250852305904679826716343134391016285174746322068045825 
71 41866674831865147425603010227670856157920596117612692195422096955864816549889 
72 502400097982381769107236122732050273895047153411352306345065163470377798598657 
73 6028801175788581229286833472784603286740565840936227676140781961644533583183873 
74 72345614109462974751442001673415239440886790091234732113689383539734402998206465 
75 868147369313555697017304020080982873290641481094816785364272602476812835978477569 
76 10417768431762668364207648240971794479487697773137801424371271229721754031741730817 
77 125013221181152020370491778891661533753852373277653617092455254756661048380900769793 
78 1500158654173824244445901346699938405046228479331843405109463057079932580570809237505 
79 18001903850085890933350816160399260860554741751982120861313556684959190966849710850049 
80 216022846201030691200209793924791130326656901023785450335762680219510291602196530200577 
81 2592274154412368294402517527097493563919882812285425404029152162634123499226358362406913 
82 31107289852948419532830210325169922767038593747425104848349825951609481990716300348882945 
83 373287478235381034393962523902039073204463124969101258180197911419313783888595604186595329 
84 4479449738824572412727550286824468878453557499629215098162374937031765406663147250239143937 
85 53753396865894868952730603441893626541442689995550581177948499244381184879957767002869727233 
86 645040762390738427432767241302723518497312279946606974135381990932574218559493204034436726785 
87 7740489148688861129193206895632682221967747359359283689624583891190890622713918448413240721409 
88 92885869784266333550318482747592186663612968312311404275495006694290687472567021380958888656897 
89 1114630437411196002603821792971106239963355619747736851305940080331488249670804256571506663882753 
90 13375565248934352031245861515653274879560267436972842215671280963977858996049651078858079966593025 
91 160506782987212224374950338187839298554723209243674106588055371567734307952595812946296959599116289 
92 1926081395846546692499404058254071582656678510924089279056664458812811695431149755355563515189395457 
93 23112976750158560309992848699048858991880142131089071348679973505753740345173797064266762182272745473 
94 277355721001902723719914184388586307902561705573068856184159682069044884142085564771201146187272945665 
95 3328268652022832684638970212663035694830740466876826274209916184828538609705026777254413754247275347969 
96 39939223824273992215667642551956428337968885602521915290518994217942463316460321327052965050967304175617 
97 479270685891287906588011710623477140055626627230262983486227930615309559797523855924635580611607650107393 
98 5751248230695454879056140527481725680667519526763155801834735167383714717570286271095626967339291801288705 
99 69014978768345458548673686329780708168010234321157869622016822008604576610843435253147523608071501615464449 
100 828179745220145502584084235957368498016122811853894435464201864103254919330121223037770283296858019385573377 
101 9938156942641746031009010831488421976193473742246733225570422369239059031961454676453243399562296232626880513 
102 119257883311700952372108129977861063714321684906960798706845068430868708383537456117438920794747554791522566145 
103 1431094599740411428465297559734332764571860218883529584482140821170424500602449473409267049536970657498270793729 
104 17173135196884937141583570716811993174862322626602355013785689854045094007229393680911204594443647889979249524737 
105 206077622362619245699002848601743918098347871519228260165428278248541128086752724170934455133323774679750994296833 
106 2472931468351430948388034183220927017180174458230739121985139338982493537041032690051213461599885296157011931561985 
107 29675177620217171380656410198651124206162093498768869463821672067789922444492392280614561539198623553884143178743809 
108 356102131442606056567876922383813490473945121985226433565860064813479069333908707367374738470383482646609718144925697 
109 4273225577311272678814523068605761885687341463822717202790320777761748832006904488408496861644601791759316617739108353 
110 51278706927735272145774276823269142628248097565872606433483849333140985984082853860901962339735221501111799412869300225 
111 615344483132823265749291321879229711538977170790471277201806191997691831808994246330823548076822658013341592954431602689 
112 7384133797593879188991495862550756538467726049485655326421674303972301981707930955969882576921871896160099115453179232257 
113 88609605571126550267897950350609078461612712593827863917060091647667623780495171471638590923062462753921189385438150787073 
114 1063315266853518603214775404207308941539352551125934367004721099772011485365942057659663091076749553047054272625257809444865 
115 12759783202242223238577304850487707298472230613511212404056653197264137824391304691915957092920994636564651271503093713338369 
116 153117398426906678862927658205852487581666767362134548848679838367169653892695656302991485115051935638775815258037124560060417 
117 1837408781122880146355131898470229850980001208345614586184158060406035846712347875635897821380623227665309783096445494720724993 
118 22048905373474561756261582781642758211760014500147375034209896724872430160548174507630773856567478731983717397157345936648699905 
119 264586864481694741075138993379713098541120174001768500410518760698469161926578094091569286278809744783804608765888151239784398849 
120 3175042373780336892901667920556557182493442088021222004926225128381629943118937129098831435345716937405655305190657814877412786177 
121 38100508485364042714820015046678686189921305056254664059114701540579559317427245549185977224148603248867863662287893778528953434113 
122 457206101824368512577840180560144234279055660675055968709376418486954711809126946590231726689783238986414363947454725342347441209345 
123 5486473221892422150934082166721730811348667928100671624512517021843456541709523359082780720277398867836972367369456704108169294512129 
124 65837678662709065811208986000660769736184015137208059494150204262121478500514280308993368643328786414043668408433480449298031534145537 
125 790052143952508789734507832007929236834208181646496713929802451145457742006171363707920423719945436968524020901201765391576378409746433 
126 9480625727430105476814093984095150842010498179757960567157629413745492904074056364495045084639345243622288250814421184698916540916957185 
127 113767508729161265721769127809141810104125978157095526805891552964945914848888676373940541015672142923467459009773054216386998491003486209 
128 1365210104749935188661229533709701721249511737885146321670698635579350978186664116487286492188065715081609508117276650596643981892041834497 
129 16382521256999222263934754404516420654994140854621755860048383626952211738239969397847437906256788580979314097407319807159727782704502013953 
130 196590255083990667167217052854197047859929690255461070320580603523426540858879632774169254875081462971751769168887837685916733392454024167425 
131 2359083061007888006006604634250364574319156283065532843846967242281118490306555593290031058500977555661021230026654052231000800709448290009089 
132 28308996732094656072079255611004374891829875396786394126163606907373421883678667119480372702011730667932254760319848626772009608513379480109057 
133 339707960785135872864951067332052498701958504761436729513963282888481062604144005433764472424140768015187057123838183521264115302160553761308673 
134 4076495529421630474379412807984629984423502057137240754167559394661772751249728065205173669089689216182244685486058202255169383625926645135704065 
135 48917946353059565692552953695815559813082024685646889050010712735941273014996736782462084029076270594186936225832698427062032603511119741628448769 
136 587015356236714788310635444349786717756984296227762668600128552831295276179960841389545008348915247130243234709992381124744391242133436899541385217 
137 7044184274840577459727625332197440613083811554733152023201542633975543314159530096674540100186982965562918816519908573496932694905601242794496622593 
138 84530211298086929516731503986369287357005738656797824278418511607706519769914361160094481202243795586755025798238902881963192338867214913533959471105 
139 1014362535577043154200778047836431448284068863881573891341022139292478237238972333921133774426925547041060309578866834583558308066406578962407513653249 
140 12172350426924517850409336574037177379408826366578886696092265671509738846867668007053605293123106564492723714946402015002699696796878947548890163838977 
141 146068205123094214204912038888446128552905916398946640353107188058116866162412016084643263517477278773912684579356824180032396361562547370586681966067713 
142 1752818461477130570458944466661353542634870996787359684237286256697402393948944193015719162209727345286952214952281890160388756338750568447040183592812545 
143 21033821537725566845507333599936242511618451961448316210847435080368828727387330316188629946516728143443426579427382681924665076065006821364482203113750529 
144 252405858452706802146088003199234910139421423537379794530169220964425944728647963794263559358200737721321118953128592183095980912780081856373786437365006337 
145 3028870301432481625753056038390818921673057082448557534362030651573111336743775565531162712298408852655853427437543106197151770953360982276485437248380076033 
146 36346443617189779509036672460689827060076684989382690412344367818877336040925306786373952547580906231870241129250517274365821251440331787317825246980560912385 
147 436157323406277354108440069528277924720920219872592284948132413826528032491103681436487430570970874782442893551006207292389855017283981447813902963766730948609 
148 5233887880875328249301280834339335096651042638471107419377588965918336389893244177237849166851650497389314722612074487508678260207407777373766835565200771383297 
149 62806654570503938991615370012072021159812511661653289032531067591020036678718930126854190002219805968671776671344893850104139122488893328485202026782409256599553 
150 753679854846047267899384440144864253917750139939839468390372811092240440144627161522250280026637671624061320056138726201249669469866719941822424321388911079194625 
151 9044158258152567214792613281738371047013001679278073620684473733106885281735525938267003360319652059488735840673664714414996033638400639301869091856666932950335489 
152 108529899097830806577511359380860452564156020151336883448213684797282623380826311259204040323835824713864830088083976572979952403660807671622429102280003195404025857 
153 1302358789173969678930136312570325430769872241816042601378564217567391480569915735110448483886029896566377961057007718875759428843929692059469149227360038344848310273 
154 15628305470087636147161635750843905169238466901792511216542770610808697766838988821325381806632358758796535532684092626509113146127156304713629790728320460138179723265 
155 187539665641051633765939629010126862030861602821510134598513247329704373202067865855904581679588305105558426392209111518109357753525875656563557488739845521658156679169 
156 2250475987692619605191275548121522344370339233858121615182158967956452478424814390270854980155059661266701116706509338217312293042310507878762689864878146259897880150017 
157 27005711852311435262295306577458268132444070806297459382185907615477429741097772683250259761860715935200413400478112058607747516507726094545152278378537755118774561800193 
158 324068542227737223147543678929499217589328849675569512586230891385729156893173272199003117142328591222404960805737344703292970198092713134541827340542453061425294741602305 
159 3888822506732846677770524147153990611071946196106834151034770696628749882718079266388037405707943094668859529668848136439515642377112557614501928086509436737103536899227649 
160 46665870080794160133246289765847887332863354353282009812417248359544998592616951196656448868495317136026314356026177637274187708525350691374023137038113240845242442790731777 
161 559990440969529921598955477190174647994360252239384117749006980314539983111403414359877386421943805632315772272314131647290252502304208296488277644457358890142909313488781313 
162 6719885291634359059187465726282095775932323026872609412988083763774479797336840972318528637063325667587789267267769579767483030027650499557859331733488306681714911761865375745 
163 80638623499612308710249588715385149311187876322471312955857005165293757568042091667822343644759908011053471207213234957209796360331805994694311980801859680180578941142384508929 
164 967663481995347704522995064584621791734254515869655755470284061983525090816505100013868123737118896132641654486558819486517556323981671936331743769622316162166947293708614107137 
165 11611961783944172454275940775015461500811054190435869065643408743802301089798061200166417484845426753591699853838705833838210675887780063235980925235467793946003367524503369285633 
166 139343541407330069451311289300185538009732650285230428787720904925627613077576734401997009818145121043100398246064470006058528110653360758831771102825613527352040410294040431427585 
167 1672122496887960833415735471602226456116791803422765145452650859107531356930920812823964117817741452517204778952773640072702337327840329105981253233907362328224484923528485177131009 
168 20065469962655530000988825659226717473401501641073181745431810309290376283171049753887569413812897430206457347433283680872428047934083949271775038806888347938693819082341822125572097 
169 240785639551866360011865907910720609680818019692878180945181723711484515398052597046650832965754769162477488169199404170469136575209007391261300465682660175264325828988101865506865153 
170 2889427674622396320142390894928647316169816236314538171342180684537814184776631164559809995589057229949729858030392850045629638902508088695135605588191922103171909947857222386082381825 
171 34673132095468755841708690739143767794037794835774458056106168214453770217319573974717719947068686759396758296364714200547555666830097064341627267058303065238062919374286668632988581889 
172 416077585145625070100504288869725213528453538029293496673274018573445242607834887696612639364824241112761099556376570406570668001961164772099527204699636782856755032491440023595862982657 
173 4992931021747500841206051466436702562341442456351521960079288222881342911294018652359351672377890893353133194676518844878848016023533977265194326456395641394281060389897280283150355791873 
174 59915172260970010094472617597240430748097309476218263520951458674576114935528223828312220068534690720237598336118226138546176192282407727182331917476747696731372724678767363397804269502465 
175 718982067131640121133671411166885168977167713714619162251417504094913379226338685939746640822416288642851180033418713662554114307388892726187983009720972360776472696145208360773651234029569 
176 8627784805579681453604056934002622027726012564575429947017010049138960550716064231276959689868995463714214160401024563950649371688666712714255796116651668329317672353742500329283814808354817 
177 103533417666956177443248683208031464332712150774905159364204120589667526608592770775323516278427945564570569924812294767407792460264000552571069553399820019951812068244910003951405777700257793 
178 1242401012003474129318984198496377571992545809298861912370449447076010319303113249303882195341135346774846839097747537208893509523168006630852834640797840239421744818938920047416869332403093505 
179 14908812144041689551827810381956530863910549711586342948445393364912123831637358991646586344093624161298162069172970446506722114278016079570234015689574082873060937827267040569002431988837122049 
180 178905745728500274621933724583478370366926596539036115381344720378945485979648307899759036129123489935577944830075645358080665371336192954842808188274888994476731253927204486828029183866045464577 
181 2146868948742003295463204695001740444403119158468433384576136644547345831755779694797108433549481879226935337960907744296967984456034315458113698259298667933720775047126453841936350206392545574913 
182 25762427384904039545558456340020885332837429901621200614913639734568149981069356337565301202593782550723224055530892931563615813472411785497364379111584015204649300565517446103236202476710546898945 
183 309149128618848474546701476080250623994049158819454407378963676814817799772832276050783614431125390608678688666370715178763389761668941425968372549339008182455791606786209353238834429720526562787329 
184 3709789543426181694560417712963007487928589905833452888547564121777813597273987312609403373173504687304144263996448582145160677140027297111620470592068098189469499281434512238866013156646318753447937 
185 44517474521114180334725012555556089855143078870001434662570769461333763167287847751312840478082056247649731167957382985741928125680327565339445647104817178273633991377214146866392157879755825041375233 
186 534209694253370164016700150666673078261716946440017215950849233536005158007454173015754085736984674971796774015488595828903137508163930784073347765257806139283607896526569762396705894557069900496502785 
187 6410516331040441968200401808000076939140603357280206591410190802432061896089450076189049028843816099661561288185863149946837650097967169408880173183093673671403294758318837148760470734684838805958033409 
188 76926195972485303618404821696000923269687240287362479096922289629184742753073400914268588346125793195938735458230357799362051801175606032906562078197124084056839537099826045785125648816218065671496400897 
189 923114351669823643420857860352011079236246883448349749163067475550216913036880810971223060153509518351264825498764293592344621614107272394878744938365489008682074445197912549421507785794616788057956810753 
190 11077372220037883721050294324224132950834962601380196989956809706602602956442569731654676721842114220215177905985171523108135459369287268738544939260385868104184893342374950593058093429535401456695481729025 
191 132928466640454604652603531890689595410019551216562363879481716479231235477310836779856120662105370642582134871822058277297625512431447224862539271124630417250218720108499407116697121154424817480345780748289 
192 1595141599685455255831242382688275144920234614598748366553780597750774825727730041358273447945264447710985618461864699327571506149177366698350471253495565007002624641301992885400365453853097809764149368979457 
193 19141699196225463069974908592259301739042815375184980398645367173009297908732760496299281375343173372531827421542376391930858073790128400380205655041946780084031495695623914624804385446237173717169792427753473 
194 229700390354705556839698903107111620868513784502219764783744406076111574904793125955591376504118080470381929058508516703170296885481540804562467860503361361008377948347486975497652625354846084606037509133041665 
195 2756404684256466682076386837285339450422165414026637177404932872913338898857517511467096518049416965644583148702102200438043562625778489654749614326040336332100535380169843705971831504258153015272450109596499969 
196 33076856211077600184916642047424073405065984968319646128859194474960066786290210137605158216593003587734997784425226405256522751509341875856995371912484035985206424562038124471661978051097836183269401315157999617 
197 396922274532931202218999704569088880860791819619835753546310333699520801435482521651261898599116043052819973413102716863078273018112102510283944462949808431822477094744457493659943736613174034199232815781895995393 
198 4763067294395174426627996454829066570329501835438029042555724004394249617225790259815142783189392516633839680957232602356939276217345230123407333555397701181869725136933489923919324839358088410390793789382751944705 
199 57156807532742093119535957457948798843954022025256348510668688052730995406709483117781713398272710199606076171486791228283271314608142761480888002664772414182436701643201879087031898072297060924689525472593023336449 
200 685881690392905117434431489495385586127448264303076182128024256632771944880513797413380560779272522395272914057841494739399255775297713137770656031977268970189240419718422549044382776867564731096274305671116280037377 
201 8230580284714861409213177873944627033529379171636914185536291079593263338566165568960566729351270268743274968694097936872791069303572557653247872383727227642270885036621070588532593322410776773155291668053395360448513 
202 98766963416578336910558134487335524402352550059642970226435492955119160062793986827526800752215243224919299624329175242473492831642870691838974468604726731707250620439452847062391119868929321277863500016640744325382145 
203 1185203560998940042926697613848026292828230600715715642717225915461429920753527841930321609026582918699031595491950102909681913979714448302067693623256720780487007445273434164748693438427151855334362000199688931904585729 
204 14222442731987280515120371366176315513938767208588587712606710985537159049042334103163859308318995024388379145903401234916182967756573379624812323479080649365844089343281209976984321261125822264012344002396267182855028737 
205 170669312783847366181444456394115786167265206503063052551280531826445908588508009237966311699827940292660549750840814818994195613078880555497747881748967792390129072119374519723811855133509867168148128028755206194260344833 
206 2048031753406168394177333476729389434007182478036756630615366381917350903062096110855595740397935283511926597010089777827930347356946566665972974580987613508681548865432494236685742261602118406017777536345062474331124137985 
207 24576381040874020730128001720752673208086189736441079567384396583008210836745153330267148884775223402143119164121077333935164168283358799991675694971851362104178586385189930840228907139225420872213330436140749691973489655809 
208 294916572490488248761536020649032078497034276837292954808612758996098530040941839963205786617302680825717429969452928007221970019400305599900108339662216345250143036622279170082746885670705050466559965233688996303681875869697 
209 3538998869885858985138432247788384941964411322047515457703353107953182360491302079558469439407632169908609159633435136086663640232803667198801300075946596143001716439467350040992962628048460605598719582804267955644182510436353 
210 42467986438630307821661186973460619303572935864570185492440237295438188325895624954701633272891586038903309915601221633039963682793644006385615600911359153716020597273608200491915551536581527267184634993651215467730190125236225 
211 509615837263563693859934243681527431642875230374842225909282847545258259910747499456419599274699032466839718987214659596479564193523728076627387210936309844592247167283298405902986618438978327206215619923814585612762281502834689 
212 6115390047162764326319210924178329179714502764498106710911394170543099118928969993477035191296388389602076627846575915157754770322284736919528646531235718135106966007399580870835839421267739926474587439085775027353147378034016257 
213 73384680565953171915830531090139950156574033173977280530936730046517189427147639921724422295556660675224919534158910981893057243867416843034343758374828617621283592088794970450030073055212879117695049269029300328237768536408195073 
214 880616166791438062989966373081679401878888398087727366371240760558206273125771679060693067546679928102699034409906931782716686926409002116412125100497943411455403105065539645400360876662554549412340591228351603938853222436898340865 
215 10567394001497256755879596476980152822546660777052728396454889126698475277509260148728316810560159137232388412918883181392600243116908025396945501205975320937464837260786475744804330519950654592948087094740219247266238669242780090369 
216 126808728017967081070555157723761833870559929324632740757458669520381703330111121784739801726721909646788660955026598176711202917402896304763346014471703851249578047129437708937651966239407855115377045136882630967194864030913361084417 
217 1521704736215604972846661892685142006446719151895592889089504034244580439961333461416877620720662915761463931460319178120534435008834755657160152173660446214994936565553252507251823594872894261384524541642591571606338368370960333012993 
218 18260456834587259674159942712221704077360629822747114669074048410934965279536001537002531448647954989137567177523830137446413220106017067885921826083925354579939238786639030087021883138474731136614294499711098859276060420451523996155905 
219 219125482015047116089919312546660448928327557872965376028888580931219583354432018444030377383775459869650806130285961649356958641272204814631061913007104254959270865439668361044262597661696773639371533996533186311312725045418287953870849 
220 2629505784180565393079031750559925387139930694475584512346662971174635000253184221328364528605305518435809673563431539792283503695266457775572742956085251059511250385276020332531151171940361283672458407958398235735752700545019455446450177 
221 31554069410166784716948381006719104645679168333707014148159955654095620003038210655940374343263666221229716082761178477507402044343197493306872915473023012714135004623312243990373814063284335404069500895500778828829032406540233465357402113 
222 378648832922001416603380572080629255748150020004484169777919467849147440036458527871284492119163994654756592993134141730088824532118369919682474985676276152569620055479746927884485768759412024848834010746009345945948388878482801584288825345 
223 4543785995064016999240566864967551068977800240053810037335033614189769280437502334455413905429967935857079115917609700761065894385420439036189699828115313830835440665756963134613829225112944298186008128952112151351380666541793619011465904129 
224 54525431940768203990886802379610612827733602880645720448020403370277231365250028013464966865159615230284949391011316409132790732625045268434276397937383765970025287989083557615365950701355331578232097547425345816216567998501523428137590849537 
225 654305183289218447890641628555327353932803234567748645376244840443326776383000336161579602381915382763419392692135796909593488791500543221211316775248605191640303455869002691384391408416263978938785170569104149794598815982018281137651090194433 
226 7851662199470621374687699542663928247193638814812983744514938085319921316596004033938955228582984593161032712305629562915121865498006518654535801302983262299683641470428032296612696900995167747265422046829249797535185791784219373651813082333185 
227 94219946393647456496252394511967138966323665777755804934179257023839055799152048407267462742995815117932392547667554754981462385976078223854429615635799147596203697645136387559352362811942012967185064561950997570422229501410632483821756987998209 
228 1130639356723769477955028734143605667595883989333069659210151084286068669589824580887209552915949781415188710572010657059777548631712938686253155387629589771154444371741636650712228353743304155606220774743411970845066754016927589805861083855978497 
229 13567672280685233735460344809723268011150607871996835910521813011432824035077894970646514634991397376982264526864127884717330583580555264235037864651555077253853332460899639808546740244919649867274649296920943650140801048203131077670333006271741953 
230 162812067368222804825524137716679216133807294463962030926261756137193888420934739647758175619896768523787174322369534616607967002966663170820454375818660927046239989530795677702560882939035798407295791563051323801689612578437572932043996075260903425 
231 1953744808418673657906289652600150593605687533567544371115141073646326661051216875773098107438761222285446091868434415399295604035599958049845452509823931124554879874369548132430730595268429580887549498756615885620275350941250875184527952903130841089 
232 23444937701024083894875475831201807123268250402810532453381692883755919932614602509277177289265134667425353102421212984791547248427199496598145430117887173494658558492434577589168767143221154970650593985079390627443304211295010502214335434837570093057 
233 281339252412289006738505709974421685479219004833726389440580314605071039191375230111326127471181616009104237229054555817498566981126393959177745161414646081935902701909214931070025205718653859647807127820952687529319650535540126026572025218050841116673 
234 3376071028947468080862068519693060225750628058004716673286963775260852470296502761335913529654179392109250846748654669809982803773516727510132941936975752983230832422910579172840302468623846315773685533851432250351835806426481512318864302616610093400065 
235 40512852347369616970344822236316722709007536696056600079443565303130229643558033136030962355850152705311010160983856037719793645282200730121595303243709035798769989074926950074083629623486155789284226406217187004222029677117778147826371631399321120800769 
236 486154228168435403644137866835800672508090440352679200953322783637562755722696397632371548270201832463732121931806272452637523743386408761459143638924508429585239868899123400889003555481833869471410716874606244050664356125413337773916459576791853449609217 
237 5833850738021224843729654402029608070097085284232150411439873403650753068672356771588458579242421989564785463181675269431650284920636905137509723667094101155022878426789480810668042665782006433656928602495274928607972273504960053286997514921502241395310593 
238 70006208856254698124755852824355296841165023410785804937278480843809036824068281259061502950909063874777425558180103233179803419047642861650116684005129213860274541121473769728016511989384077203883143229943299143295667282059520639443970179058026896743727105 
239 840074506275056377497070233892263562093980280929429659247341770125708441888819375108738035410908766497329106698161238798157641028571714339801400208061550566323294493457685236736198143872608926446597718759319589719548007384714247673327642148696322760924725249 
240 10080894075300676529964842806707162745127763371153155910968101241508501302665832501304856424930905197967949280377934865577891692342860572077616802496738606795879533921492222840834377726471307117359172625111835076634576088616570972079931705784355873131096702977 
243 17419784962119569043779248369989977223580775105352653414152878945326690251006558562254791902280604182088616356493071447718596844368463068550121834714364312543279834616338561068961804711342418698796650296193251012424547481129434639754121987595366948770535102742529 
249 52015199180329639251620135164816152149976617172181337452205870084682371862461567761955812543539447598049695022626607453744566679734720827281566996507736407425232893687033081934942845479193080755907617038028308431083499985892793763351572189007964183157637488227544727553 
255 155316552509277417531109697679978393261395779250258718730887492778940207463360441952115864962008093896614820542442687831162016192621000634729522546500156788789226616823181790128428377515342872047848049953679920522280433621876107892667580931222756923481775017647636915754631169 
261 463772740727862220309213059517252602624235614508804529990930359238030996442274865901946738922716776245789508302605186780844481758907225959292198651488724168816010050208151654414845080406773570448921511592888983800801018307984108149779113979336252609405804494295561468252676593549313 
267 1384817983449544944047785248309563995394325557153458185680438197799012746880689673185358531275409530401507539159446246044613129020388834198831156498166906548497904953760737509656256772573339372983352450872181019405451027851347619189510037876474380911643981727094637815219000265512748843009 
273 4135044341492606010207581986888385137223529804451311687110817571616687277981789273096709608651872451226415087809479939549278089444816732696362652005022412283309968225450302032033428222795630194298322684665118569048366281947678369337969940938546477812074343133396955002038891288816819841240399873 
279 12347176242987457664783676491536927805587264419614745476725907495766282345057175060838405344080752709402855829557702147815111586632791646763615737084564842719367032161702994662819304138416187030091682763247089405281316944035256447989268836123444766003208995406833173284808096766146402976826374171394049 
285 36868470706740660787721421464905401836638682160738916157575932167838186821823203816862504942939622298233577061366025690141558155900129732569808373082717267322546448162330554815263837048444519812861283264131597010739527893818171189592788916363228096169326008940877346097664420014164900946355924053795885023233 
291 110088663634796305261563560951464091397773718713051831823863212238250140438974937425890369959538625148568689368005970854351650388587292979377726685091024436748846533469548439389500773205262561048886786046164722568516058458494758081385034219637937283512068753481316701410088395531576167587403647529849651945210380289 
297 328722988194883610770144607984096553488289959697673360996746369932019107348532139554709830453262982075623729353835940875560358433915439439734221838054837511741067767395536127242019076778542723090999160945271122954027854300130011714886410019291366521570501104795155969343301387642957931197305893065770583113967072173883393 
303 981561583182111343621879477126784563171178007017897493162508712675090142236999392196130678376156012270099245870884458079369221317936559520015350660882335932658640496358792547366633090955500114466154038596004448802759908494519412900463382135043711771545171170900659001963588450679670095228256239800101908848975854038061026377729 
309 2930927182396453558273434168628944677076126790107329628223360415908416363277404393107371067540347834142320026582527057673667224947817479741813516827784080977543777983879412805756008543463668053794104500783051748053860242606099054610177251641126362650445536393570633369319243696314284029630049479943267498192500316543985615787473764353 
315 8751701671800891981747542052579330742634481377231844552600902628135876726084517079348320289738397987183621322255000473780647555018583829429379292231494021253650080359416184567382549414645817389940335333666179990860857822657930079481115510564377060852427964542619614110653352569295311083930853666318917657322834865195276344971544060774842369 
321 26132441164770714643226452608329040328214679240712252124553453633171677730060750646660814812034220575362498330312275334701433108924611017334855696534565443559059081551930976459251214431341776393283602260961874793830667684731416690449339216697060873672376263276829485820585140318274690171640186153969627022083467742115252041663511020768706913370113 
327 78031051198946717593239895865228781155403780777898933447882619693392498955117720458918846455697190090503214214339169153013124040319145703985601752161067861420253472568761064811700778272555642841922543813595982744381672415925054535014679711629956615811736764124400415388494099628123132457474849612774842773908881342472268752374577291839026544012540510209 
333 232999470383235715585932837215239296869537202942313768892442336282554907599998231406804332815168518455201149592589329664190740174408323965769743062324914057115094145034759439350701536709398788635695245066696586938999763727193558040681273384051664375507992989887233649943397165583981623547900581346151876125407537146520714938290449800194663835996741762832924673 
339 695732690572815714968146076999309096623688175390501836892530537062328433215073119009015228916768153410935349465078256947998923108940464828605000468213196175920757275567471129750165177389677432485567830645234941454462270493180329212545631424404124998636858939915441482992584842079119784208054369490307963680448899398916510474296270456184463099664894955950907743797249 
345 2077446682327378559843444695582704973572786912705232236931705903179519704325276892191015329301807037794598378537132233994613616420526484930777273718077112370160566492728059713895917217042738578562985773221381211423961068296308572143393854703167926779929682604844469621152130457090778409728703018428147734622401526422774317612081074841839507864189781700150115308454681772033 
351 6203222554282635141635568365894827727808764556747220175762282919599594964800007595652096717049926985942066044737820256592172344813829355579542046885798768303501528978222102656737786475414144711771818511066672755212564966555684655483019755841984178678041553383143908777246323110785750878995351553778154285218736999473981348000592296180535301050344861120141041909200744496379199489 
357 18522723295527080010761540971468101277993326026214291489303364601397676971373385880495630363563609181191234136530415481060121146856577434490823279328244949373962709504507546979376522611003029483035261724948907780300635589095809490317809262628071285785773229737213581306317084867636479552666055813956708245194585180637316721428200586918339520371512949786963228884202875854276347603976193 
363 55308555396871132478853789156148206926467623621059454958396017845939841073689388264985864335515119997290126071933636139797824782575390514150646458901670166911462667177107463159666626492093269987871562946509839449453213058870661605137133373259218810215746291623643958363361914341404645760588000003581707512819108236020137533117064101328771114397011723856675610036567640054855505523911245692929 
369 165150461478170851643737752759632047511121500650505595554491174951690830408579334329035551132018780069988359808776686575258068035573594869005603915937044691674956940788168051275353992039366630691464681013271236438636102942378853622353798058418055219803254974847534881369664862432804809766783598602694921325957652087024354351687023533542089287251646655248451664759430388121557661806310597059151921153 
375 493136635566434512274574629936217139755448622998399300236181776546949592546731355037150891111389964988504122575250245686735387025134185101332829203325360456626354625882417190419386614565676129378622474070731699665984385208296178854690483341667378197449002502815141595211717364586556237086659556890069391960568333809421329704467825278780141938304820886225392695745022988044761233231054541849074690129133569 
381 1472498103615204390699683451795465399835533501095252336116435005860766732151059078439251966444352653216233493943736029616660877890858274565618206675862273117718988891210883611917241720907275871506496649615619723495434718481809057321244108210485324619531562289365967761036664663177623539040972050320836963283985675661591139756265654797233043345507182289134842983211506721933848326248197165088667439530550767910913 
387 4396855777425342467359003592126030956462505665734405951606297064540155689935347991274351343771373912861221753180092684658875514808056554120542915242817933733139017325333439091047093102761591235904454891805846644441792142431186136216317767210777811548727332491050149878971304097613773045599717886705214038974568683754700557853973144974061111700990918200440014990381827687586920160603896763800119555759192104169696657409 
393 13128941001699633802054506982030854419501738517792284421001177333963872247655910136377352722879822161821002375447705874908447745208619941699075216228410465040213375509168443790841163251356467244950927835653989186756880268625242903763745391807107172839515035180955890736210250494609164493792028014215581836953438496592595790543038147322226894561371665891822677721040291365891542208840666074358936191584055475977047503873769473 
399 39202807768019079338793924976232418802961479186311476604558779500378779109544585172660593192875582898042923957048842579182626432029015807994371410454573994042636495856368826464351060009938389489947551302417441247829056372030677306752083520009753104384026462809771394444072028612895051431831094977999499915833576095809545549028863219293812351529942812406328246512182773373890290770922887447378593725090924306379848213807013663080449 
405 117058956750380682600369239276230382826942129466659088157586842647659028360634378612201768704435404524229802248964531159958055604015728738418265121674790673027407894443183613921328835572715872002751549028197640886957597061981649947124813357412802613641032873526572427467687972285646817254624740306786858756680404884869770056671401110999814980670784758760297642833433566370062425997323407151673322805621898524061324688856321885739608440833 
411 349536171913328712153780942570995503435123967513372570693143790756427496140400484385976686123144846942877801838572106611136194704701301761257124961078978153009071534281035180231265161758760430346264081373413704526201193505524215035715538688220909999490305903824368843259676802237384825973233400560220651657707582099742975472899896975027671535243272557102108596738347294243944483029191736580382115124422099042470730539729955449668298970589298689 
417 1043709416754448921231795434021911437329225205011450282128596268898040400635297599968776209136732542653882030245146893187146899209122811838285595019782451501234639456218622551607674072769070504847059006755711347095964344588399217709206027074408625723918061583925104176071902776651995292198859362338409902319488316828518928874471525969081026761491847963145982636123157207055710323213438058361235709647682396987232921859945011293422346033396116453588993 
423 3116499619078116407615401457262483201282069194560910359231474401389246267650588468745166260062937184643809280199524700706529646688053370184131374159550083663462613662037507441139689058503280222345240641228445991046995997511446649692205849547750965873607749200615018268083884540638431510581118874192694553767555002236888265316309984999260440613386474148386493815741569449753038133750154627257716049236625274485525708947046044601978430498184269392553472688129 
429 9305817998573350343277066904962458639297038101851765358099434858957867127264374758257566529887769426351460209727297563914486220536180354515893337138429997017760748993025404619124053293665858691439331030857880074130473296633219512834531591455991620083138761389049234708206189896193706275691051660437398854437058955799312570022256554248031687504522197623495696349903274511851375818767821714517503999563775283609387998504536336444793961812690257457854388591187197953 
435 27787023650652046951419829345147422097602727019519741731039182897890447916137386798160961537180401302774638562882354889087633222741505959698785250401957756215081312321189969786230517150033555398898779428845136175272407176174047333811705979582127681702331011287518790050948351730996067839913069201239505980967387049073454545085337714879754650381503209748596173369669579239996018572827615354401834662633439976453094813326569428042771653269304105725033878663067514089504769 
441 82971608028468601764188387707340680024688181236653636493015303506174511230419578781119860574636083403664226354549705581137447400974572931565217577136239428734133357290076110742167744521725795884225372994060715097184603469540886554004413067736559943520253162408350506791490963095126562632894986025793945027072922250340550096352097051227509309964762480257952196143059448897360271522166094206398207873268849634649317863076123087024867472315689750829259561145860987991035805171713 
447 247751894027278789370238298679915953102838514161747972109959808024580991741853175527163405758094150866006921267063748069987119740151659180486834641847576754369262458734450625458341010457960878897562816154297390308751671006393574596072313349652284206392379618900736079671283351946638393996822301953244307147719312672760877138905820161412523159405821329850561130448037225456335413000843602642797746338254812707468708750059494319886861874455092544940155781428562576365425057669849284609 
453 739783191535150028598901636045450157309826157870752856752786227404470448045305712473301494979177004979482810792712078717012419750177011886386800451202594627318547793581729816408598923771303857014060208031673538703687549598355111446678390505048126203740343263963695522121177348379031098260207444475556249234175504131861214962738556508855211553615231997792497926539751986617010241853910983993751785802087458667498244828337649087273051367332915057710586120853184996025937375401247246250934273 
459 2208980773392893422995862702805537442524623950183542098218111630450110286336114132553878691183902870036656001302065583655739613175312554660560803958483728315659146614870347924119013848798332976182271556219248679792591764099894789097998527193825624074349405140703371409925481623422212794907407265884899351313260308529671478099297925918537520015710224901696434128680874796006606710011908535629598932376460318181811079085498966772211935014034207035682886787489676747173512587950117857349349721243649 
465 6595981245658805474770878096774089914779446721264853768605709838737942113235055421979760909816075027483534233391946999746699993107672483215559991647169077010905161245657020975852589448290241493552643950525777049881802326134060241929998034224328212276022134159658015776094929319832752650188799577416055304631774269104662558860854018025938338166590480192867125165295033246878991530388198696853412338493192486725796973172034546798356482560945917661236529021255574932232153811417644720159440678037993029633 
471 19695494463837262606778245662917884100092791438549313115396351887114075343046063729144814400536242974865393484360619470091650232219620312121930686098580509249330636996951934121560218451163488455884297993966761858514263636999085737439103250225296452604805676246592280579167041430151482089421352517371102482745603859158216726157568324161163462752028508408218149869568324554648718645874675097625139588143256874283442149140124404187143683223263535001769695873004806658446295566432104452080567313570598578592677889 
477 58810431341106644747638133097542195236731473750845232173563660393292435149130057558206749482970812943060467098005059967782146127004070738071091077799383823330353292782706524056032867331678957913455219661216847441333854991861078026621363279520731602734708072381504604332903519037769443095298727875229834075838649193784688612838880494852047521162153093650804864020133104026988199497083445846707104807962354734500369722258025228912344043805733343298724283561658384605214103420637200980241340709244790226100478690721793 