1 10 
3 1330 
5 161050 
7 19487170 
9 2357947690 
11 285311670610 
13 34522712143930 
15 4177248169415650 
17 505447028499293770 
19 61159090448414546290 
21 7400249944258160101210 
23 895430243255237372246530 
25 108347059433883722041830250 
27 13109994191499930367061460370 
29 1586309297171491574414436704890 
31 191943424957750480504146841291810 
33 23225154419887808141001767796309130 
35 2810243684806424785061213903353404850 
37 340039485861577398992406882305761986970 
39 41144777789250865278081232758997200423490 
41 4978518112499354698647829163838661251242410 
43 602400691612421918536387328824478011400331730 
45 72890483685103052142902866787761839379440139450 
47 8819748525897469309291246881319182564912256873570 
49 1067189571633593786424240872639621090354383081702090 
51 129129938167664848157333145589394151932880352885953010 
53 15624722518287446627037310616316692383878522699200314330 
55 1890591424712781041871514584574319778449301246603238034050 
57 228761562390246506066453264733492693192365450838991802120170 
59 27680149049219827234040845032752615876276219551518008056540690 
61 3349298034955599095318942248963066521029422565733678974841423610 
63 405265062229627490533592012124531049044560130453775155955812256930 
65 49037072529784926354564633467068256934391775784906793870653283088650 
67 5933485776103976088902320649515259089061404869973722058349047253726770 
69 717951778908581106757180798591346349776429989266820369060234717700939290 
71 86872165247938313917618876629552908322948028701285264656288400841813654210 
73 10511531995000535984031884072175901907076711472855517023410896501859452159530 
75 1271895371395064854067857972733284130756282088215517559832718476724993711303250 
77 153899339938802847342210814700727379821510132674077624739758935683724239067693370 
79 18621820132595144528407508578788012958402726053563392593510831217730632927190897890 
81 2253240236044012487937308538033349567966729852481170503814810577345406584190098644810 
83 272642068561325511040414333102035297723974312150221630961592079858794196687001936022130 
85 32989690295920386835890134305346271024600891770176817346352641662914097799127234258677850 
87 3991752525806366807142706250946898793976707904191394898908669641212605833694395345300019970 
89 483002055622570383664267456364574754071181656407158782767949026586725305877021836781302416490 
91 58443248730331016423376362220113545242612980425266212714921832216993762011119642250537592395410 
93 7071633096370052987228539828633738974356170631457211738505541698256245203345476712315048679844730 
95 855667604660776411454653319264682415897096646406322620359170545489005669604802682190120890261212450 
97 103535780163953945786013051631026572323548694215165037063459636004169686022181124545004627721606706570 
99 12527829399838427440107579247354215251149392000034969484678615956504532008683916069945559954314411495090 
101 1515867357380449720253017088929860045389076432004231307646112530737048373050753844463412754472043790906010 
103 183419950243034416150615067760513065492078248272511988225179616219182853139141215180072943291117298699627330 
105 22193813979407164354224423199022080924541468040973950575246733562521125229836087036788826138225193142654907050 
107 2685451491508266886861155207081671791869517632957848019604854761065056152810166531451447962725248370261243753170 
109 324939630472500293310199780056882286816211633587899610372187426088871794490030150305625203489755052801610494133690 
111 39317695287172535490534173386882756704761607664135852855034678556753487133293648186980649622260361388994869790176610 
113 4757441129747876794354634979812813561276154527360438195459196105367171943128531430624658604293503728068379244611369930 
115 575650376699493092116910832557350440914414697810613021650562728749427805118552303105583691119513951096273888597975761650 
117 69653695580638664146146210739439403350644178435084175619718090178680764419344828675775626625461188082649140520355067159770 
119 8428097165257278361683691499472167805427945590645185249985888911620372494740724269768850821680803758000546002962963126332290 
121 1019799756996130681763726671436132304456781416468067415248292558306065071863627636642030949423377254718066066358518538286207210 
123 123395770596531812493410927243772008839270551392636157245043399555033873695498944033685744880228647820885994029380743132631072530 
125 14930888242180349311702722196496413069551736718508975026650251346159098717155372228075975130507666386327205277555069919048359776250 
127 1806637477303822266716029385776065981415760142939585978224680412885250944775800039597192990791427632745591838584163460204851532926370 
129 218603134753762494272639555678903983751306977295689903365186329959115364317871804791260351885762743562216612468683778684787035484090890 
131 26450979305205261806989386237147382033908144252778478307187545925052959082462488379742502578177291971028210108710737220859231293574997810 
133 3200568495929836678645715734694833226102885454586195875169693056931408048977961093948842811959452328494413423153999203723966986522574735130 
135 387268788007510238116131603898074820358449140004929700895532859888700373926333292367809980247093731747824024201633903650600005369231542950850 
137 46859523348908738812051924071667053263372345940596493808359476046532745245086328376505007609898341541486706928397702341722600649677016697052970 
139 5670002325217957396258282812671713444868053858812175750811496601630462174655445733557105920797699326519891538336121983348434678610919020343409490 
141 686070281351372844947252220333277326829034516916273265848191088797285923133308933760409816416521618508906876138670759985160596111921201461552548410 
143 83014504043516114238617518660326556546313176546869065167631121744471596699130380985009587786399115839577732012779161958204432129542465376847858357730 
145 10044754989265449822872719757899513342103894362171156885283365731081063200594776099186160122154293016588905573546278596942736287674638310598590861285450 
147 1215415353701119428567599090705841114394571217822709983119287253460808647271967908001525374780669455007257574399099710230071090808631235582429494215539570 
149 147065257797835450856679489975406774841743117356547907957433757668757846319908116868184570348461004055878166502291064937838601987844379505473968800080288090 
151 17794896193538089553658218287024219755850917200142296862849484677919699404708882141050333012163781490761258146777218857478470840529169920162350224809714859010 
153 2153182439418108835992644412729930590457960981217217920404787646028283627969774739067090294471817560382112235760043481754894971704029560339644377201975497940330 
155 260535075169591169155109973940321601445413278727283368368979305169422318984342743427117925631089924806235580526965261292342291576187576801096969641439035250780050 
157 31524744095520531467768306846778913774895006726001287572646495925500100597105471954681269001361880901554505243762796616373417280718696792932733326614123265344386170 
159 3814494035557984307599965128460248566762295813846155796290226006985512172249762106516433549164787589088095134495298390581183490966962311944860732520308915106670726690 
161 461553778302516101219595780543690076578237793475384851351117346845246972842221214888488459448939298279659511273931105260323202407002439745328148634957378727907157929610 
163 55848007174604448247571089445786499265966773010521567013485198968274883713908767001507103593321655091838800864145663736499107491247295209184705984829842826076766109482930 
165 6757608868127138237956101822940166411181979534273109608631709075161260929382960807182359534791920266112494904561625312116392006440922720311349424164410981955288699247434650 
167 817670673043383726792688320575760135753019523647046262644436798094512572455338257669065503709822352199611883451956662766083432779351649157673280323893728816589932608939592770 
169 98938151438249430941915286789666976426115362361292597779976852569436021267095929177956925948888504616153037897686756194696095366301549548078466919191141186807381845681690725290 
171 11971516324028181143971749701549704147559958845716404331377199160901758573318607430532788039815509058554517585620097499558227539322487495317494497222128083603693203327484577760210 
173 1448553475207409918420581713887514201854755020331684924096641098469112787371551499094467352817676596085096627860031797446545532258020986933416834163877498116046877602625633908985530 
175 175274970500096600128890387380389218424425357460133875815693572914762647271957731390430549690938868126296691971063847491032009403220539418943436933829177272041672189917701702987249250 
177 21208271430511688615595736873027095429355468252676198973698922322686280319906885498242096512603603043281899728498725546414873137789685269692155868993330449917042334980041906061457159370 
179 2566200843091914322487084161636278546952011658573820075817569601045039918708733145287293678025035968237109867148345791116199649672551917632750860148192984439962122532585070633436316283890 
181 310510302014121633020937183557989704181193410687432229173925921726449830163756710579762535041029352156690293924949840725060157610378782033562854077931351117235416826442793546645794270350810 
183 37571746543708717595533399210516754205924402693179299730045036528900429449814561980151266739964551610959525564918930727732279070855832626061105343429693485185485435999578019144141106712448130 
185 4546181331788754829059541304472527258916852725874695267335449419996951963427561999598303275535710744926102593355190618055605767573555747753393746554992911707443737755948940316441073912206223850 
187 550087941146439334316204497841175798328939179830838127347589379819631187574735001951394696339821000136058413795978064784728297876400245478160643333154142316600692268469821778289369943376953085970 
189 66560640878719159452260744238782271597801640759531413409058314958175373696542935236118758257118341016463068069313345838952124043044429702857437843311651220308683764484848435173013763148611323402490 
191 8053837546325018293723550052892654863333998531903301022496056109939220217281695163570369749111319262992031236386914846513207009208375994045749979040709797657350735502666660655934665340981970131701410 
193 974514343105327213540549556400011238463413822360299423722022789302645646291085114792014739642469630822035779602816696428098048114213495279535747463925885516539438995822665939368094506258818385935870730 
195 117916235515744592838406496324401359854073072505596230270364757505620123201221298889833783496738825329466329331940820267799863821819832928823825443135032147501272118494542578663539435257317024698240358450 
197 14267864497405095733447186055252564542342841773177143862714135658180034907347777165669887803105397864865425849164839252403783522440199784387682878619338889847653926337839652018288271666135359988487083372570 
199 1726411604186016583747109512685560309623483854554434407388410414639784223789081037046056424175753141648716527748945549540857806215264173910909628312940005671566125086878597894212880871602378558606937088081090 
201 208895804106508006633400251034952797464441546401086563293997660171413891078478805482572827325266130139494699857622411494443794552046965043220065025865740686259501135512310345199758585463887805591439387657812010 
203 25276392296887468802641430375229288493197427114531474158573716880741080820495935463391312106357201746878858682772311790827699140797682770229627868129754623037399637396989551769170788841130424476564165906595253330 
205 3058443467923383725119613075402743907676888680858308373187419742569670779280008191070348764869221411372341900615449726690151596036519615197784972043700309387525356125035735764069665449776781361664264074698025653050 
207 370071659618729430739473182123732012828903530383855313155677788850930164292880991119512200549175790776053369974469416929508343120418873438931981617287737435890568091129324027452429519422990544761375953038461104019170 
209 44778670813866261119476255036971573552297327176446492891837012450962549879438599925460976266450270683902457766910799448470509517570683686110769775691816229742758739026648207321743971850181855916126490317653793586319690 
211 5418219168477817595456626859473560399827976588350025639912278506566468535412070590980778128240482752752197389796206733264931651626052726019403142858709763798873807422224433085931020593872004565851305328436109023944682610 
213 655604519385815929050251849996300808379185167190353102429385699294542692784860541508674153517098413083015884165341014725056729846752379848347780285903881419663730698089156403397653491858512552468007944740769191897306595930 
215 79328146845683727415080473849552397813881405230032725393955669614639665826968125522549572575568907983044921984006262781731864311457037961650081414594369651779311414468787924811116072514880018848628961313633072219574098107650 
217 9598705768327731017224737335795840135479650032833959772668636023371399565063143188228498281643837865948435560064757796589555581686301593359659851165918727865296681150723338902145044774300482280684104318949601738568465871025770 
219 1161443397967655453084193217631296656393037653972909132492904958827939347372640325775648292078904381779760702767835693387336225384042492796518841991076166071700898419237524007159550417690358355962776622592901810366784370394118290 
221 140534651154086309823187379333386895423557556130722005031641500018180661032089479418853443341547430195351045034908118899867683271469141628378779880920216094675808708727740404866305600540533361071495971333741119054380908817688313210 
223 17004692789644443488605672899339814346250464291817362608828621502199859984882827009681266644327239053637476449223882386883989675847766137033832365591346147455772853756056588988822977665404536689651012531382675405580089966940285898530 
225 2057567827546977662121286420820117535896306179309900875668263201766183058170822068171433263963595925490134650356089768812962750777579702581093716236552883842148515304482847267647580297513948939447772516297303724075190885999774593722250 
227 248965707133184297116675656919234221843453047696498005955859847413708150038669470248743424939595106984306292693086862026368492844087144012312339664622898944899970351842424519385357215999187821673180474471973750613098097205972725840392370 
229 30124850563115299951117754487227340843057818771276258720659041537058686154679005900097954417691007945101061415863510305190587634134544425489793099419370772332896412572933366845628223135901726422454837411108823824184869761922699826687476890 
231 3645106918136951294085248292954508242009996071324427305199744025984101024716159713911852484540611961357228431319484746928061103730279875484264965029743863452280465921324937388321014999444108897117035326744167682726369241192646679029184703810 
233 441057937094571106584315043447495497283209524630255703929169027144076223990655325383334150629414047324224640189657654378295393551363864933596060768599007477725936376480317423986842814932737176551161274536044289609890678184310248162531349161130 
235 53368010388443103896702120257146955171268352480260940175429452284433223102869294371383432226159099726231181462948576179773742619715027656965123353000479904804838301554118408302407980606861198362690514218861359042796772060301540027666293248496850 
237 6457529257001615571500956551114781575723470650111573761226963726416419995447184618937395299365251066873972957016777717752622856985518346492779925713058068481385434488048327404591365653430205001885552220482224444178409419296486343347621483068118970 
239 781361040097195484151615742684888570662539948663500425108462610896386819449109338891424831223195379091750727799030103848067365695247719925626371011280026286247637573053847615955555244065054805228151818678349157745587539734874847545062199451242395490 