1 9 
2 99 
3 999 
4 9999 
5 99999 
6 999999 
7 9999999 
8 99999999 
9 999999999 
10 9999999999 
11 99999999999 
12 999999999999 
13 9999999999999 
14 99999999999999 
15 999999999999999 
16 9999999999999999 
17 99999999999999999 
18 999999999999999999 
19 9999999999999999999 
20 99999999999999999999 
21 999999999999999999999 
22 9999999999999999999999 
23 99999999999999999999999 
24 999999999999999999999999 
25 9999999999999999999999999 
26 99999999999999999999999999 
27 999999999999999999999999999 
28 9999999999999999999999999999 
29 99999999999999999999999999999 
30 999999999999999999999999999999 
31 9999999999999999999999999999999 
32 99999999999999999999999999999999 
33 999999999999999999999999999999999 
34 9999999999999999999999999999999999 
35 99999999999999999999999999999999999 
36 999999999999999999999999999999999999 
37 9999999999999999999999999999999999999 
38 99999999999999999999999999999999999999 
39 999999999999999999999999999999999999999 
40 9999999999999999999999999999999999999999 
41 99999999999999999999999999999999999999999 
42 999999999999999999999999999999999999999999 
43 9999999999999999999999999999999999999999999 
44 99999999999999999999999999999999999999999999 
45 999999999999999999999999999999999999999999999 
46 9999999999999999999999999999999999999999999999 
47 99999999999999999999999999999999999999999999999 
48 999999999999999999999999999999999999999999999999 
49 9999999999999999999999999999999999999999999999999 
50 99999999999999999999999999999999999999999999999999 
51 999999999999999999999999999999999999999999999999999 
52 9999999999999999999999999999999999999999999999999999 
53 99999999999999999999999999999999999999999999999999999 
54 999999999999999999999999999999999999999999999999999999 
55 9999999999999999999999999999999999999999999999999999999 
56 99999999999999999999999999999999999999999999999999999999 
57 999999999999999999999999999999999999999999999999999999999 
58 9999999999999999999999999999999999999999999999999999999999 
59 99999999999999999999999999999999999999999999999999999999999 
60 999999999999999999999999999999999999999999999999999999999999 
61 9999999999999999999999999999999999999999999999999999999999999 
62 99999999999999999999999999999999999999999999999999999999999999 
63 999999999999999999999999999999999999999999999999999999999999999 
64 9999999999999999999999999999999999999999999999999999999999999999 
65 99999999999999999999999999999999999999999999999999999999999999999 
66 999999999999999999999999999999999999999999999999999999999999999999 
67 9999999999999999999999999999999999999999999999999999999999999999999 
68 99999999999999999999999999999999999999999999999999999999999999999999 
69 999999999999999999999999999999999999999999999999999999999999999999999 
70 9999999999999999999999999999999999999999999999999999999999999999999999 
71 99999999999999999999999999999999999999999999999999999999999999999999999 
72 999999999999999999999999999999999999999999999999999999999999999999999999 
73 9999999999999999999999999999999999999999999999999999999999999999999999999 
74 99999999999999999999999999999999999999999999999999999999999999999999999999 
75 999999999999999999999999999999999999999999999999999999999999999999999999999 
76 9999999999999999999999999999999999999999999999999999999999999999999999999999 
77 99999999999999999999999999999999999999999999999999999999999999999999999999999 
78 999999999999999999999999999999999999999999999999999999999999999999999999999999 
79 9999999999999999999999999999999999999999999999999999999999999999999999999999999 
80 99999999999999999999999999999999999999999999999999999999999999999999999999999999 
81 999999999999999999999999999999999999999999999999999999999999999999999999999999999 
82 9999999999999999999999999999999999999999999999999999999999999999999999999999999999 
83 99999999999999999999999999999999999999999999999999999999999999999999999999999999999 
84 999999999999999999999999999999999999999999999999999999999999999999999999999999999999 
85 9999999999999999999999999999999999999999999999999999999999999999999999999999999999999 
86 99999999999999999999999999999999999999999999999999999999999999999999999999999999999999 
87 999999999999999999999999999999999999999999999999999999999999999999999999999999999999999 
88 9999999999999999999999999999999999999999999999999999999999999999999999999999999999999999 
89 99999999999999999999999999999999999999999999999999999999999999999999999999999999999999999 
90 999999999999999999999999999999999999999999999999999999999999999999999999999999999999999999 
91 9999999999999999999999999999999999999999999999999999999999999999999999999999999999999999999 
92 99999999999999999999999999999999999999999999999999999999999999999999999999999999999999999999 
93 999999999999999999999999999999999999999999999999999999999999999999999999999999999999999999999 
94 9999999999999999999999999999999999999999999999999999999999999999999999999999999999999999999999 
95 99999999999999999999999999999999999999999999999999999999999999999999999999999999999999999999999 
96 999999999999999999999999999999999999999999999999999999999999999999999999999999999999999999999999 
97 9999999999999999999999999999999999999999999999999999999999999999999999999999999999999999999999999 
98 99999999999999999999999999999999999999999999999999999999999999999999999999999999999999999999999999 
99 999999999999999999999999999999999999999999999999999999999999999999999999999999999999999999999999999 
100 9999999999999999999999999999999999999999999999999999999999999999999999999999999999999999999999999999 
101 99999999999999999999999999999999999999999999999999999999999999999999999999999999999999999999999999999 
102 999999999999999999999999999999999999999999999999999999999999999999999999999999999999999999999999999999 
103 9999999999999999999999999999999999999999999999999999999999999999999999999999999999999999999999999999999 
104 99999999999999999999999999999999999999999999999999999999999999999999999999999999999999999999999999999999 
105 999999999999999999999999999999999999999999999999999999999999999999999999999999999999999999999999999999999 
106 9999999999999999999999999999999999999999999999999999999999999999999999999999999999999999999999999999999999 
107 99999999999999999999999999999999999999999999999999999999999999999999999999999999999999999999999999999999999 
108 999999999999999999999999999999999999999999999999999999999999999999999999999999999999999999999999999999999999 
109 9999999999999999999999999999999999999999999999999999999999999999999999999999999999999999999999999999999999999 
110 99999999999999999999999999999999999999999999999999999999999999999999999999999999999999999999999999999999999999 
111 999999999999999999999999999999999999999999999999999999999999999999999999999999999999999999999999999999999999999 
112 9999999999999999999999999999999999999999999999999999999999999999999999999999999999999999999999999999999999999999 
113 99999999999999999999999999999999999999999999999999999999999999999999999999999999999999999999999999999999999999999 
114 999999999999999999999999999999999999999999999999999999999999999999999999999999999999999999999999999999999999999999 
115 9999999999999999999999999999999999999999999999999999999999999999999999999999999999999999999999999999999999999999999 
116 99999999999999999999999999999999999999999999999999999999999999999999999999999999999999999999999999999999999999999999 
117 999999999999999999999999999999999999999999999999999999999999999999999999999999999999999999999999999999999999999999999 
118 9999999999999999999999999999999999999999999999999999999999999999999999999999999999999999999999999999999999999999999999 
119 99999999999999999999999999999999999999999999999999999999999999999999999999999999999999999999999999999999999999999999999 
120 999999999999999999999999999999999999999999999999999999999999999999999999999999999999999999999999999999999999999999999999 
121 9999999999999999999999999999999999999999999999999999999999999999999999999999999999999999999999999999999999999999999999999 
122 99999999999999999999999999999999999999999999999999999999999999999999999999999999999999999999999999999999999999999999999999 
123 999999999999999999999999999999999999999999999999999999999999999999999999999999999999999999999999999999999999999999999999999 
124 9999999999999999999999999999999999999999999999999999999999999999999999999999999999999999999999999999999999999999999999999999 
125 99999999999999999999999999999999999999999999999999999999999999999999999999999999999999999999999999999999999999999999999999999 
126 999999999999999999999999999999999999999999999999999999999999999999999999999999999999999999999999999999999999999999999999999999 
127 9999999999999999999999999999999999999999999999999999999999999999999999999999999999999999999999999999999999999999999999999999999 
128 99999999999999999999999999999999999999999999999999999999999999999999999999999999999999999999999999999999999999999999999999999999 
129 999999999999999999999999999999999999999999999999999999999999999999999999999999999999999999999999999999999999999999999999999999999 
130 9999999999999999999999999999999999999999999999999999999999999999999999999999999999999999999999999999999999999999999999999999999999 
131 99999999999999999999999999999999999999999999999999999999999999999999999999999999999999999999999999999999999999999999999999999999999 
132 999999999999999999999999999999999999999999999999999999999999999999999999999999999999999999999999999999999999999999999999999999999999 
133 9999999999999999999999999999999999999999999999999999999999999999999999999999999999999999999999999999999999999999999999999999999999999 
134 99999999999999999999999999999999999999999999999999999999999999999999999999999999999999999999999999999999999999999999999999999999999999 
135 999999999999999999999999999999999999999999999999999999999999999999999999999999999999999999999999999999999999999999999999999999999999999 
136 9999999999999999999999999999999999999999999999999999999999999999999999999999999999999999999999999999999999999999999999999999999999999999 
137 99999999999999999999999999999999999999999999999999999999999999999999999999999999999999999999999999999999999999999999999999999999999999999 
138 999999999999999999999999999999999999999999999999999999999999999999999999999999999999999999999999999999999999999999999999999999999999999999 
139 9999999999999999999999999999999999999999999999999999999999999999999999999999999999999999999999999999999999999999999999999999999999999999999 
140 99999999999999999999999999999999999999999999999999999999999999999999999999999999999999999999999999999999999999999999999999999999999999999999 
141 999999999999999999999999999999999999999999999999999999999999999999999999999999999999999999999999999999999999999999999999999999999999999999999 
142 9999999999999999999999999999999999999999999999999999999999999999999999999999999999999999999999999999999999999999999999999999999999999999999999 
143 99999999999999999999999999999999999999999999999999999999999999999999999999999999999999999999999999999999999999999999999999999999999999999999999 
144 999999999999999999999999999999999999999999999999999999999999999999999999999999999999999999999999999999999999999999999999999999999999999999999999 
145 9999999999999999999999999999999999999999999999999999999999999999999999999999999999999999999999999999999999999999999999999999999999999999999999999 
146 99999999999999999999999999999999999999999999999999999999999999999999999999999999999999999999999999999999999999999999999999999999999999999999999999 
147 999999999999999999999999999999999999999999999999999999999999999999999999999999999999999999999999999999999999999999999999999999999999999999999999999 
148 9999999999999999999999999999999999999999999999999999999999999999999999999999999999999999999999999999999999999999999999999999999999999999999999999999 
149 99999999999999999999999999999999999999999999999999999999999999999999999999999999999999999999999999999999999999999999999999999999999999999999999999999 
150 999999999999999999999999999999999999999999999999999999999999999999999999999999999999999999999999999999999999999999999999999999999999999999999999999999 