1 5 
3 215 
5 7775 
7 279935 
9 10077695 
11 362797055 
13 13060694015 
15 470184984575 
17 16926659444735 
19 609359740010495 
21 21936950640377855 
23 789730223053602815 
25 28430288029929701375 
27 1023490369077469249535 
29 36845653286788892983295 
31 1326443518324400147398655 
33 47751966659678405306351615 
35 1719070799748422591028658175 
37 61886548790943213277031694335 
39 2227915756473955677973140996095 
41 80204967233062404407033075859455 
43 2887378820390246558653190730940415 
45 103945637534048876111514866313854975 
47 3742042951225759540014535187298779135 
49 134713546244127343440523266742756048895 
51 4849687664788584363858837602739217760255 
53 174588755932389037098918153698611839369215 
55 6285195213566005335561053533150026217291775 
57 226267027688376192080197927193400943822503935 
59 8145612996781542914887125378962433977610141695 
61 293242067884135544935936513642647623193965101055 
63 10556714443828879617693714491135314434982743638015 
65 380041719977839666236973721680871319659378770968575 
67 13681501919202227984531053980511367507737635754868735 
69 492534069091280207443117943298409230278554887175274495 
71 17731226487286087467952245958742732290027975938309881855 
73 638324153542299148846280854514738362441007133779155746815 
75 22979669527522769358466110762530581047876256816049606885375 
77 827268102990819696904779987451100917723545245377785847873535 
79 29781651707669509088572079548239633038047628833600290523447295 
81 1072139461476102327188594863736626789369714638009610458844102655 
83 38597020613139683778789415094518564417309726968345976518387695615 
85 1389492742073028616036418943402668319023150170860455154661957042175 
87 50021738714629030177311081962496059484833406150976385567830453518335 
89 1800782593726645086383198950649858141454002621435149880441896326660095 
91 64828173374159223109795162223394893092344094371665395695908267759763455 
93 2333814241469732031952625840042216151324387397379954245052697639351484415 
95 84017312692910353150294530241519781447677946305678352821897115016653438975 
97 3024623256944772713410603088694712132116406067004420701588296140599523803135 
99 108886437250011817682781711193009636756190618412159145257178661061582856912895 
101 3919911741000425436580141602948346923222862262837729229258431798216982848864255 
103 141116822676015315716885097706140489236023041462158252253303544735811382559113215 
105 5080205616336551365807863517421057612496829492637697081118927610489209772128075775 
107 182887402188115849169083086627158074049885861734957094920281393977611551796610727935 
109 6583946478772170570086991118577690665795891022458455417130130183194015864677986205695 
111 237022073235798140523131680268796863968652076808504395016684686594984571128407503405055 
113 8532794636488733058832740489676687102871474765106158220600648717419444560622670122582015 
115 307180606913594390117978657628360735703373091543821695941623353827100004182416124412952575 
117 11058501848889398044247231674620986485321431295577581053898440737775600150566980478866292735 
119 398106066560018329592900340286355513471571526640792917940343866559921605420411297239186538495 
121 14331818396160659865344412250308798484976574959068545045852379196157177795134806700610715385855 
123 515945462261783755152398841011116745459156698526467621650685651061658400624853041221985753890815 
125 18574036641424215185486358276400202836529641146952834379424683438219702422494709483991487140069375 
127 668665319091271746677508897950407302115067081290302037659288603775909287209809541423693537042497535 
129 24071951487285782880390320326214662876142414926450873355734389735932734339553143491252967333529911295 
131 866590253542288183694051531743727863541126937352231440806438030493578436223913165685106824007076806655 
133 31197249127522374612985855142774203087480569744680331869031769097768823704060873964663845664254765039615 
135 1123100968590805486067490785139871311149300510808491947285143687519677653346191462727898443913171541426175 
137 40431634869268997498429668265035367201374818389105710102265172750708395520462892658204343980874175491342335 
139 1455538855293683909943468057541273219249493462007805563681546219025502238736664135695356383311470317688324095 
141 52399398790572620757964850071485835892981764632281000292535663884918080594519908885032829799212931436779667455 
143 1886378356460614347286734602573490092147343526762116010531283899857050901402716719861181872771665531724068028415 
145 67909620832582116502322445692645643317304366963436176379126220394853832450497801915002547419779959142066449022975 
147 2444746349972956194083608044935243159422957210683702349648543934214737968217920868940091707112078529114392164827135 
149 88010868599026422987009889617668753739226459584613284587347581631730566855845151281843301456034827048118117933776895 
151 3168391269564951227532356026236075134612152545046078245144512938742300406810425446146358852417253773732252245615968255 
153 114062085704338244191164816944498704846037491621658816825202465794722814645175316061268918687021135854361080842174857215 
155 4106235085356176790881933410001953374457349698379717405707288768610021327226311378205681072732760890756998910318294859775 
157 147824463072822364471749602760070321480464589141669826605462395669960767780147209615404518618379392067251960771458614951935 
159 5321680670621605120982985699362531573296725209100113757796646244118587640085299546154562670261658114421070587772510138269695 
161 191580504142377784355387485177051136638682107527604095280679264788269155043070783661564256129419692119158541159810364977709055 
163 6896898149125600236793949466373840918992555870993747430104453532377689581550548211816313220659108916289707481753173139197526015 
165 248288333368521608524582180789458273083732011355774907483760327165596824935819735625387275943727920986429469343114233011110936575 
167 8938380001266777906884958508420497831014352408807896669415371777961485697689510482513941933974205155511460896352112388399993716735 
169 321781680045604004647858506303137921916516686717084280098953384006613485116822377370501909623071385598412592268676045982399773802495 
171 11584140481641744167322906226912965188994600721815034083562321824238085464205605585338068746430569881542853321672337655366391856889855 
173 417029057339102790023624624168866746803805625985341227008243585672571076711401801072170474871500515735542719580204155593190106848034815 
175 15013046064207700440850486470079202884937002535472284172296769084212558761610464838598137095374018566479537904887349601354843846529253375 
177 540469658311477215870617512922851303857732091277002230202683687031652115417976734189532935433464668393263364575944585648774378475053121535 
179 19456907699213179771342230465222646938878355285972080287296612733139476155047162430823185675604728062157481124734005083355877625101912375295 
181 700448677171674471768320296748015289799620790294994890342678058393021141581697847509634684321770210237669320490424183000811594503668845510655 
183 25216152378180280983659530682928550432786348450619816052336410102148761096941122510346848635583727568556095537655270588029217402132078438383615 
185 907781485614490115411743104585427815580308544222313377884110763677355399489880410372486550881014192468019439355589741169051826476754823781810175 
187 32680133482121644154822751765075401360891107592003281603827987492384794381635694773409515831716510928848699816801230682085865753163173656145166335 
189 1176484805356379189573619063542714448992079873312118137737807549725852597738885011842742569941794393438553193404844304555091167113874251621225988095 
191 42353452992829650824650286287537720163714875439236252958561071790130693518599860426338732517904598163787914962574394963983282016099473058364135571455 
193 1524724307741867429687410306351357925893735515812505106508198584444704966669594975348194370644565533896364938652678218703398152579581030101108880572415 
195 54890075078707227468746771028648885332174478569250183834295149040009378800105419112534997343204359220269137791496415873322333492864917083639919700606975 
197 1976042702833460188874883757031359871958281228493006618034625365440337636803795088051259904355356931929688960493870971439604005743137015011037109221851135 
199 71137537302004566799495815253128955390498124225748238249246513155852154924936623169845356556792849549468802577779354971825744206752932540397335931986640895 
201 2560951342872164404781849349112642394057932472126936576972874473610677577297718434114432836044542583780876892800056778985726791443105571454304093551519072255 
203 92194248343397918572146576568055126186085568996569716771023481049984392782717863628119582097603533016111568140802044043486164491951800572354947367854686601215 
205 3318992940362325068597276756449984542699080483876509803756845317799438140177843090612304955513727188580016453068873585565501921710264820604778105242768717643775 
207 119483745853043702469501963232199443537166897419554352935246431440779773046402351262042978398494178788880592310479449080358069181569533541772011788739673835175935 
209 4301414850709573288902070676359179967338008307103956705668871531868071829670484645433547222345790436399701323177260166892890490536503207503792424394628258066333695 
211 154850934625544638400474544348930478824168299055742441404079375147250585868137447235607700004448455710389247634381366008144057659314115470136527278206617290388013055 
213 5574633646519606982417083596561497237670058766006727890546857505301021091252948100481877200160144405574012914837729176293186075735308156924914982015438222453968470015 
215 200686811274705851367015009476213900556122115576242204059686870190836759285106131617347579205765198600664464934158250346554698726471093649296939352555776008342864920575 
217 7224725205889410649212540341143700420020396160744719346148727326870123334263820738224512851407547149623920737629697012475969154152959371374689816692007936300343137140735 
219 260090107412018783371651452281173215120734261786809896461354183767324440033497546576082462650671697386461146554669092449134889549506537369488833400912285706812352937066495 
221 9363243866832676201379452282122235744346433424325156272608750615623679841205911676738968655424181105912601275968087328168856023782235345301598002432842285445244705734393855 
223 337076779205976343249660282156400486796471603275705625813915022162452474283412820362602871595270519812853645934851143814078816856160472430857528087582322276028809406438178815 
225 12134764051415148356987770157630417524672977717925402529300940797848289074202861533053703377429738713262731253654641177306837406821777007510871011152963601937037138631774437375 
227 436851505850945340851559725674695030888227197845314491054833868722538406671303015189933321587470593677458325131567082383046146645583972270391356401506689669733336990743879745535 
229 15726654210634032270656150124289021111976179122431321677974019274011382640166908546837599577148941372388499704736414965789661279241023001734088830454240828110400131666779670839295 
231 566159551582825161743621404474404760031142448407527580407064693864409775046008707686153584777361889405985989370510938768427806052676828062427197896352669811974404740004068150214655 
233 20381743856981705822770370561078571361121128142670992894654328979118751901656313476701529051985028018615495617338393795663401017896365810247379124268696113231078570640146453407727615 
235 733742778851341409619733340198828569000360613136155744207555843248275068459627285161255045871461008670157842224182176643882436644269169168905648473673060076318828543045272322678194175 
237 26414740038648290746310400247157828484012982072901606791472010356937902464546582265805181651372596312125682320070558359179767719193690090080603345052230162747477827549629803616414990335 
239 950930641391338466867174408897681825424467354624457844492992372849764488723676961568986539449413467236524563522540100930471637890972843242901720421880285858909201791786672930190939652095 
241 34233503090088184807218278720316545715280824766480482401747725422591521594052370616483515420178884820514884286811443633496978964075022356744461935187690290920731264504320225486873827475455 
243 1232406111243174653059858033931395645750109691593297366462918115213294777385885342193406555126439853538535834325211970805891242706700804842800629666756850473146325522155528117527457789116415 
245 44366620004754287510154889221530243247003948897358705192665052147678611985891872318962635984551834727387290035707630949012084737441228974340822668003246617033267718797599012230988480408190975 
247 1597198320171154350365576011975088756892142160304913386935941877316430031492107403482654895443866050185942441285474714164435050547884243076269616048116878213197637876713564440315585294694875135 
249 57499139526161556613160736431103195248117117770976881929693907583391481133715866525375576235979177806693927886277089709919661819723832750745706177732207615675114963561688319851361070609015504895 
251 2069969022941816038073786511519715028932216239755167749468980673002093320813771194913520744495250401040981403905975229557107825510057979026845422398359474164304138688220779514648998541924558176255 
253 74518884825905377370656314414709741041559784631186038980883304228075359549295763016886746801829014437475330540615108264055881718362087244966435206340941069914948992775948062527363947509284094345215 
255 2682679853732593585343627318929550677496152246722697403311798952210712943774647468607922884865844519749111899462143897506011741861035140818791667428273878516938163739934130250985102110334227396427775 
257 96576474734373369072370583481463824389861480882017106519224762279585665975887308869885223855170402710968028380637180310216422706997265069476500027417859626609773894637628689035463675972032186271399935 
259 3476753090437441286605341005332697678035013311752615834692091442065083975131943119315868058786134497594849021702938491167791217451901542501154000987042946557951860206954632805276692334993158705770397695 
261 125163111255747886317792276191977116409260479223094170048915291914343023104749952295371250116300841913414564781305785682040483828268455530041544035533546076086266967450366780989960924059753713407734317055 
263 4505872005206923907440521942911176190733377252031390121760950508916348831770998282633365004186830308882924332127008284553457417817664399081495585279207658739105610828213204115638593266151133682678435414015 
265 162211392187449260667858789944802342866401581073130044383394218320988557943755938174801140150725891119785275956572298243924467041435918366933841070051475714607801989815675348162989357581440812576423674904575 
267 5839610118748173384042916438012884343190456918632681597802191859555588085975213774292841045426132080312269934436602736781280813491693061209618278521853125725880871633364312533867616872931869252751252296564735 
269 210225964274934241825544991768463836354856449070776537520878906944001171095107695874542277635340754891241717639717698524126109285700950203546258026786712526131711378801115251219234207425547293099045082676330495 
271 7568134713897632705719619703664698108774832166547955350751640649984042159423877051483521994872267176084701835029837146868539934285234207327665288964321650940741609636840149043892431467319702551565622976347897855 
273 272452849700314777405906309331929131915893957995726392627059063399425517739259573853406791815401618339049266061074137287267437634268431463795950402715579433866697946926245365580127532823509291856362427148524322815 
275 9808302589211331986612627135949448748972182487846150134574126282379318638613344658722644505354458260205773578198668942341627754833663532696654214497760859619201126089344833160884591181646334506829047377346875621375 
277 353098893211607951518054576894180154962998569562461404844668546165655470990080407714015202192760497367407848815152081924298599174011887177079551721919390946291240539216413993791845282539268042245845705584487522369535 
279 12711560155617886254649964768190485578667948504248610574408067661963596955642894677704547278939377905226682557345474949274749570264427938374863861989098074066484659411790903776506430171413649520850445401041550805303295 
281 457616165602243905167398731654857480832046146152949980678690435830689490403144208397363702041817604588160572064437098173890984529519405781495099031607530666393447738824472535954231486170891382750616034437495828990918655 
283 16474181961680780586026354339574869309953661261506199304432855689904821654513191502305093273505433765173780594319735534260075443062698608133823565137871103990164118597681011294352333502152089779022177239749849843673071615 
285 593070550620508101096948756224695295158331805414223174959582804836573579562474894082983357846195615546256101395510479233362715950257149892817648344963359743645908269516516406596684006077475232044798380630994594372230578175 
287 21350539822338291639490155224089030625699944994912034298544980974116648864249096186987400882463042159665219650238377252401057774209257396141435340418680950771252697702594590637480624218789108353612741702715805397400300814335 
289 768619433604178499021645588067205102525198019816833234747619315068199359112967462731546431768669517747947907408581581086438079871533266261091672255072514227765097117293405262949302471876407900730058701297768994306410829316095 
291 27670299609750425964779241170419383690907128713405996450914295342455176928066828658335671543672102638926124666708936919111770875375197585399300201182610512199543496222562589466174888987550684426282113246719683795030789855379455 
293 996130785951015334732052682135097812872656633682615872232914632328386369410405831700084175572195695001340488001521729088023751513507113074374807242573978439183565864012253220782296003551824639346156076881908616621108434793660415 
295 35860708294236552050353896556863521263415638812574171400384926763821909298774609941203030320599045020048257568054782247168855054486256070677493060732663223810608371104441115948162656127865687016461618767748710198359903652571774975 
297 1290985498592515873812740276047086765482962997252670170413857363497588734755885957883309091541565620721737272449972160898078781961505218544389750186375876057181901359759880174133855620603164732592618275638953567140956531492583899135 
299 46475477949330571457258649937695123557386667901096126134898865085913194451211894483799127295496362345982541808198997792330836150614187867598031006709531538058548448951355686268818802341713930373334257923002328417074435133733020368895 
301 1673117206175900572461311397757024448065920044439460540856359143092875000243628201416768582637869044455371505095163920523910101422110763233529116241543135370107744162248804705677476884301701493440033285228083823014679664814388733280255 
303 60232219422332420608607210319252880130373121599820579470828929151343500008770615251003668974963285600393374183425901138860763651195987476407048184695552873323878789840956969404389167834861253763841198268211017628528467933317994398089215 
305 2168359899203967141909859571493103684693432377593540860949841449448366000315742149036132083098678281614161470603332440998987491443055549150653734649039903439659636434274450898558010042055005135498283137655596634627024845599447798331211775 
307 78060956371342817108754944573751732648963565593367470994194292180141176011366717365300754991552418138109812941719967875963549691949999769423534447365436523827746911633880232348088361513980184877938192955601478846572894441580120739923623935 
309 2810194429368341415915178004655062375362688361361228955790994518485082336409201825150827179695887052971953265901918843534687788910199991699247240105155714857798888818819688364531181014503286655605774946401653238476624199896884346637250461695 
311 101166999457260290972946408167582245513056781009004242408475802665462964110731265705429778469051933906990317572469078367248760400767199701172900643785605734880759997477508781123122516522118319601807898070459516585158471196287836478941016621055 
313 3642011980461370475026070694032960838470044116324152726705128895956666707986325565395472024885869620651651432608886821220955374427619189242224423176281806455707359909190316120432410594796259505665084330536542597065704963066362113241876598358015 
315 131112431296609337100938544985186590184921588187669498161384640254440001487507720354236992895891306343459451573919925563954393479394290812720079234346145032405464956730851380335566781412665342203943035899315533494365378670389036076707557540888575 
317 4720047526677936135633787619466717246657177174756101933809847049159840053550277932752531744252087028364540256661117320302358165258194469257922852436461221166596738442310649692080404130855952319341949292375359205797153632134005298761472071471988735 
319 169921710960405700882816354300801820879658378291219669617154493769754241927810005579091142793075133021123449239800223530884893949295000893285222687712603961997482583923183388914894548710814283496310174525512931408697530756824190755412994572991594495 
321 6117181594574605231781388754828865551667701618483908106217561775711152709401160200847281140550704788760444172632808047111856182174620032158268016757653742631909373021234602000936203753589314205867166282918465530713111107245670867194867804627697401855 
323 220218537404685788344129995173839159860037258265420691823832223925601497538441767230502121059825372395375990214781089696026822558286321157697648603275534734748737428764445672033703335129215311411217986185064759105671999860844151219015240966597106466815 
325 7927867346568688380388679826258209754961341297555144905657960061321653911383903620298076358153713406233535647732119229056965612098307561677115349717919250450954547435520044193213320064651751210803847502662331327804191994990389443884548674797495832805375 
327 285403224476472781693992473745295551178608286711985216603686562207579540809820530330730748893533682624407283318356292246050762035539072220376152589845093016234363707678721590955679522327463043588938510095843927800950911819654019979843752292709849980993535 
329 10274516081153020140983729054830639842429898321631467797732716239472863469153539091906306960167212574478662199460826520857827433279406599933541493234423348584437093476433977274404462803788669569201786363450381400834232825507544719274375082537554599315767295 