1 7 
2 37 
3 217 
4 1297 
5 7777 
6 46657 
7 279937 
8 1679617 
9 10077697 
10 60466177 
11 362797057 
12 2176782337 
13 13060694017 
14 78364164097 
15 470184984577 
16 2821109907457 
17 16926659444737 
18 101559956668417 
19 609359740010497 
20 3656158440062977 
21 21936950640377857 
22 131621703842267137 
23 789730223053602817 
24 4738381338321616897 
25 28430288029929701377 
26 170581728179578208257 
27 1023490369077469249537 
28 6140942214464815497217 
29 36845653286788892983297 
30 221073919720733357899777 
31 1326443518324400147398657 
32 7958661109946400884391937 
33 47751966659678405306351617 
34 286511799958070431838109697 
35 1719070799748422591028658177 
36 10314424798490535546171949057 
37 61886548790943213277031694337 
38 371319292745659279662190166017 
39 2227915756473955677973140996097 
40 13367494538843734067838845976577 
41 80204967233062404407033075859457 
42 481229803398374426442198455156737 
43 2887378820390246558653190730940417 
44 17324272922341479351919144385642497 
45 103945637534048876111514866313854977 
46 623673825204293256669089197883129857 
47 3742042951225759540014535187298779137 
48 22452257707354557240087211123792674817 
49 134713546244127343440523266742756048897 
50 808281277464764060643139600456536293377 
51 4849687664788584363858837602739217760257 
52 29098125988731506183153025616435306561537 
53 174588755932389037098918153698611839369217 
54 1047532535594334222593508922191671036215297 
55 6285195213566005335561053533150026217291777 
56 37711171281396032013366321198900157303750657 
57 226267027688376192080197927193400943822503937 
58 1357602166130257152481187563160405662935023617 
59 8145612996781542914887125378962433977610141697 
60 48873677980689257489322752273774603865660850177 
61 293242067884135544935936513642647623193965101057 
62 1759452407304813269615619081855885739163790606337 
63 10556714443828879617693714491135314434982743638017 
64 63340286662973277706162286946811886609896461828097 
65 380041719977839666236973721680871319659378770968577 
66 2280250319867037997421842330085227917956272625811457 
67 13681501919202227984531053980511367507737635754868737 
68 82089011515213367907186323883068205046425814529212417 
69 492534069091280207443117943298409230278554887175274497 
70 2955204414547681244658707659790455381671329323051646977 
71 17731226487286087467952245958742732290027975938309881857 
72 106387358923716524807713475752456393740167855629859291137 
73 638324153542299148846280854514738362441007133779155746817 
74 3829944921253794893077685127088430174646042802674934480897 
75 22979669527522769358466110762530581047876256816049606885377 
76 137878017165136616150796664575183486287257540896297641312257 
77 827268102990819696904779987451100917723545245377785847873537 
78 4963608617944918181428679924706605506341271472266715087241217 
79 29781651707669509088572079548239633038047628833600290523447297 
80 178689910246017054531432477289437798228285773001601743140683777 
81 1072139461476102327188594863736626789369714638009610458844102657 
82 6432836768856613963131569182419760736218287828057662753064615937 
83 38597020613139683778789415094518564417309726968345976518387695617 
84 231582123678838102672736490567111386503858361810075859110326173697 
85 1389492742073028616036418943402668319023150170860455154661957042177 
86 8336956452438171696218513660416009914138901025162730927971742253057 
87 50021738714629030177311081962496059484833406150976385567830453518337 
88 300130432287774181063866491774976356909000436905858313406982721110017 
89 1800782593726645086383198950649858141454002621435149880441896326660097 
90 10804695562359870518299193703899148848724015728610899282651377959960577 
91 64828173374159223109795162223394893092344094371665395695908267759763457 
92 388969040244955338658770973340369358554064566229992374175449606558580737 
93 2333814241469732031952625840042216151324387397379954245052697639351484417 
94 14002885448818392191715755040253296907946324384279725470316185836108906497 
95 84017312692910353150294530241519781447677946305678352821897115016653438977 
96 504103876157462118901767181449118688686067677834070116931382690099920633857 
97 3024623256944772713410603088694712132116406067004420701588296140599523803137 
98 18147739541668636280463618532168272792698436402026524209529776843597142818817 
99 108886437250011817682781711193009636756190618412159145257178661061582856912897 
100 653318623500070906096690267158057820537143710472954871543071966369497141477377 
101 3919911741000425436580141602948346923222862262837729229258431798216982848864257 
102 23519470446002552619480849617690081539337173577026375375550590789301897093185537 
103 141116822676015315716885097706140489236023041462158252253303544735811382559113217 
104 846700936056091894301310586236842935416138248772949513519821268414868295354679297 
105 5080205616336551365807863517421057612496829492637697081118927610489209772128075777 
106 30481233698019308194847181104526345674980976955826182486713565662935258632768454657 
107 182887402188115849169083086627158074049885861734957094920281393977611551796610727937 
108 1097324413128695095014498519762948444299315170409742569521688363865669310779664367617 
109 6583946478772170570086991118577690665795891022458455417130130183194015864677986205697 
110 39503678872633023420521946711466143994775346134750732502780781099164095188067917234177 
111 237022073235798140523131680268796863968652076808504395016684686594984571128407503405057 
112 1422132439414788843138790081612781183811912460851026370100108119569907426770445020430337 
113 8532794636488733058832740489676687102871474765106158220600648717419444560622670122582017 
114 51196767818932398352996442938060122617228848590636949323603892304516667363736020735492097 
115 307180606913594390117978657628360735703373091543821695941623353827100004182416124412952577 
116 1843083641481566340707871945770164414220238549262930175649740122962600025094496746477715457 
117 11058501848889398044247231674620986485321431295577581053898440737775600150566980478866292737 
118 66351011093336388265483390047725918911928587773465486323390644426653600903401882873197756417 
119 398106066560018329592900340286355513471571526640792917940343866559921605420411297239186538497 
120 2388636399360109977557402041718133080829429159844757507642063199359529632522467783435119230977 
121 14331818396160659865344412250308798484976574959068545045852379196157177795134806700610715385857 
122 85990910376963959192066473501852790909859449754411270275114275176943066770808840203664292315137 
123 515945462261783755152398841011116745459156698526467621650685651061658400624853041221985753890817 
124 3095672773570702530914393046066700472754940191158805729904113906369950403749118247331914523344897 
125 18574036641424215185486358276400202836529641146952834379424683438219702422494709483991487140069377 
126 111444219848545291112918149658401217019177846881717006276548100629318214534968256903948922840416257 
127 668665319091271746677508897950407302115067081290302037659288603775909287209809541423693537042497537 
128 4011991914547630480065053387702443812690402487741812225955731622655455723258857248542161222254985217 
129 24071951487285782880390320326214662876142414926450873355734389735932734339553143491252967333529911297 
130 144431708923714697282341921957287977256854489558705240134406338415596406037318860947517804001179467777 
131 866590253542288183694051531743727863541126937352231440806438030493578436223913165685106824007076806657 
132 5199541521253729102164309190462367181246761624113388644838628182961470617343478994110640944042460839937 
133 31197249127522374612985855142774203087480569744680331869031769097768823704060873964663845664254765039617 
134 187183494765134247677915130856645218524883418468081991214190614586612942224365243787983073985528590237697 
135 1123100968590805486067490785139871311149300510808491947285143687519677653346191462727898443913171541426177 
136 6738605811544832916404944710839227866895803064850951683710862125118065920077148776367390663479029248557057 
137 40431634869268997498429668265035367201374818389105710102265172750708395520462892658204343980874175491342337 
138 242589809215613984990578009590212203208248910334634260613591036504250373122777355949226063885245052948054017 
139 1455538855293683909943468057541273219249493462007805563681546219025502238736664135695356383311470317688324097 
140 8733233131762103459660808345247639315496960772046833382089277314153013432419984814172138299868821906129944577 
141 52399398790572620757964850071485835892981764632281000292535663884918080594519908885032829799212931436779667457 
142 314396392743435724547789100428915015357890587793686001755213983309508483567119453310196978795277588620678004737 
143 1886378356460614347286734602573490092147343526762116010531283899857050901402716719861181872771665531724068028417 
144 11318270138763686083720407615440940552884061160572696063187703399142305408416300319167091236629993190344408170497 
145 67909620832582116502322445692645643317304366963436176379126220394853832450497801915002547419779959142066449022977 
146 407457724995492699013934674155873859903826201780617058274757322369122994702986811490015284518679754852398694137857 
147 2444746349972956194083608044935243159422957210683702349648543934214737968217920868940091707112078529114392164827137 
148 14668478099837737164501648269611458956537743264102214097891263605288427809307525213640550242672471174686352988962817 
149 88010868599026422987009889617668753739226459584613284587347581631730566855845151281843301456034827048118117933776897 
150 528065211594158537922059337706012522435358757507679707524085489790383401135070907691059808736208962288708707602661377 
151 3168391269564951227532356026236075134612152545046078245144512938742300406810425446146358852417253773732252245615968257 
152 19010347617389707365194136157416450807672915270276469470867077632453802440862552676878153114503522642393513473695809537 
153 114062085704338244191164816944498704846037491621658816825202465794722814645175316061268918687021135854361080842174857217 
154 684372514226029465146988901666992229076224949729952900951214794768336887871051896367613512122126815126166485053049143297 
155 4106235085356176790881933410001953374457349698379717405707288768610021327226311378205681072732760890756998910318294859777 
156 24637410512137060745291600460011720246744098190278304434243732611660127963357868269234086436396565344541993461909769158657 
157 147824463072822364471749602760070321480464589141669826605462395669960767780147209615404518618379392067251960771458614951937 
158 886946778436934186830497616560421928882787534850018959632774374019764606680883257692427111710276352403511764628751689711617 
159 5321680670621605120982985699362531573296725209100113757796646244118587640085299546154562670261658114421070587772510138269697 
160 31930084023729630725897914196175189439780351254600682546779877464711525840511797276927376021569948686526423526635060829618177 
161 191580504142377784355387485177051136638682107527604095280679264788269155043070783661564256129419692119158541159810364977709057 
162 1149483024854266706132324911062306819832092645165624571684075588729614930258424701969385536776518152714951246958862189866254337 
163 6896898149125600236793949466373840918992555870993747430104453532377689581550548211816313220659108916289707481753173139197526017 
164 41381388894753601420763696798243045513955335225962484580626721194266137489303289270897879323954653497738244890519038835185156097 
165 248288333368521608524582180789458273083732011355774907483760327165596824935819735625387275943727920986429469343114233011110936577 
166 1489730000211129651147493084736749638502392068134649444902561962993580949614918413752323655662367525918576816058685398066665619457 
167 8938380001266777906884958508420497831014352408807896669415371777961485697689510482513941933974205155511460896352112388399993716737 
168 53630280007600667441309751050522986986086114452847380016492230667768914186137062895083651603845230933068765378112674330399962300417 
169 321781680045604004647858506303137921916516686717084280098953384006613485116822377370501909623071385598412592268676045982399773802497 
170 1930690080273624027887151037818827531499100120302505680593720304039680910700934264223011457738428313590475553612056275894398642814977 
171 11584140481641744167322906226912965188994600721815034083562321824238085464205605585338068746430569881542853321672337655366391856889857 
172 69504842889850465003937437361477791133967604330890204501373930945428512785233633512028412478583419289257119930034025932198351141339137 
173 417029057339102790023624624168866746803805625985341227008243585672571076711401801072170474871500515735542719580204155593190106848034817 
174 2502174344034616740141747745013200480822833755912047362049461514035426460268410806433022849229003094413256317481224933559140641088208897 
175 15013046064207700440850486470079202884937002535472284172296769084212558761610464838598137095374018566479537904887349601354843846529253377 
176 90078276385246202645102918820475217309622015212833705033780614505275352569662789031588822572244111398877227429324097608129063079175520257 
177 540469658311477215870617512922851303857732091277002230202683687031652115417976734189532935433464668393263364575944585648774378475053121537 
178 3242817949868863295223705077537107823146392547662013381216102122189912692507860405137197612600788010359580187455667513892646270850318729217 
179 19456907699213179771342230465222646938878355285972080287296612733139476155047162430823185675604728062157481124734005083355877625101912375297 
180 116741446195279078628053382791335881633270131715832481723779676398836856930282974584939114053628368372944886748404030500135265750611474251777 
181 700448677171674471768320296748015289799620790294994890342678058393021141581697847509634684321770210237669320490424183000811594503668845510657 
182 4202692063030046830609921780488091738797724741769969342056068350358126849490187085057808105930621261426015922942545098004869567022013073063937 
183 25216152378180280983659530682928550432786348450619816052336410102148761096941122510346848635583727568556095537655270588029217402132078438383617 
184 151296914269081685901957184097571302596718090703718896314018460612892566581646735062081091813502365411336573225931623528175304412792470630301697 
185 907781485614490115411743104585427815580308544222313377884110763677355399489880410372486550881014192468019439355589741169051826476754823781810177 
186 5446688913686940692470458627512566893481851265333880267304664582064132396939282462234919305286085154808116636133538447014310958860528942690861057 
187 32680133482121644154822751765075401360891107592003281603827987492384794381635694773409515831716510928848699816801230682085865753163173656145166337 
188 196080800892729864928936510590452408165346645552019689622967924954308766289814168640457094990299065573092198900807384092515194518979041936870998017 
189 1176484805356379189573619063542714448992079873312118137737807549725852597738885011842742569941794393438553193404844304555091167113874251621225988097 
190 7058908832138275137441714381256286693952479239872708826426845298355115586433310071056455419650766360631319160429065827330547002683245509727355928577 
191 42353452992829650824650286287537720163714875439236252958561071790130693518599860426338732517904598163787914962574394963983282016099473058364135571457 
192 254120717956977904947901717725226320982289252635417517751366430740784161111599162558032395107427588982727489775446369783899692096596838350184813428737 
193 1524724307741867429687410306351357925893735515812505106508198584444704966669594975348194370644565533896364938652678218703398152579581030101108880572417 
194 9148345846451204578124461838108147555362413094875030639049191506668229800017569852089166223867393203378189631916069312220388915477486180606653283434497 
195 54890075078707227468746771028648885332174478569250183834295149040009378800105419112534997343204359220269137791496415873322333492864917083639919700606977 
196 329340450472243364812480626171893311993046871415501103005770894240056272800632514675209984059226155321614826748978495239934000957189502501839518203641857 
197 1976042702833460188874883757031359871958281228493006618034625365440337636803795088051259904355356931929688960493870971439604005743137015011037109221851137 
198 11856256217000761133249302542188159231749687370958039708207752192642025820822770528307559426132141591578133762963225828637624034458822090066222655331106817 
199 71137537302004566799495815253128955390498124225748238249246513155852154924936623169845356556792849549468802577779354971825744206752932540397335931986640897 
200 426825223812027400796974891518773732342988745354489429495479078935112929549619739019072139340757097296812815466676129830954465240517595242384015591919845377 
201 2560951342872164404781849349112642394057932472126936576972874473610677577297718434114432836044542583780876892800056778985726791443105571454304093551519072257 
202 15365708057232986428691096094675854364347594832761619461837246841664065463786310604686597016267255502685261356800340673914360748658633428725824561309114433537 
203 92194248343397918572146576568055126186085568996569716771023481049984392782717863628119582097603533016111568140802044043486164491951800572354947367854686601217 
204 553165490060387511432879459408330757116513413979418300626140886299906356696307181768717492585621198096669408844812264260916986951710803434129684207128119607297 
205 3318992940362325068597276756449984542699080483876509803756845317799438140177843090612304955513727188580016453068873585565501921710264820604778105242768717643777 
206 19913957642173950411583660538699907256194482903259058822541071906796628841067058543673829733082363131480098718413241513393011530261588923628668631456612305862657 
207 119483745853043702469501963232199443537166897419554352935246431440779773046402351262042978398494178788880592310479449080358069181569533541772011788739673835175937 
208 716902475118262214817011779393196661223001384517326117611478588644678638278414107572257870390965072733283553862876694482148415089417201250632070732438043011055617 
209 4301414850709573288902070676359179967338008307103956705668871531868071829670484645433547222345790436399701323177260166892890490536503207503792424394628258066333697 
210 25808489104257439733412424058155079804028049842623740234013229191208430978022907872601283334074742618398207939063561001357342943219019245022754546367769548398002177 
211 154850934625544638400474544348930478824168299055742441404079375147250585868137447235607700004448455710389247634381366008144057659314115470136527278206617290388013057 
212 929105607753267830402847266093582872945009794334454648424476250883503515208824683413646200026690734262335485806288196048864345955884692820819163669239703742328078337 
213 5574633646519606982417083596561497237670058766006727890546857505301021091252948100481877200160144405574012914837729176293186075735308156924914982015438222453968470017 
214 33447801879117641894502501579368983426020352596040367343281145031806126547517688602891263200960866433444077489026375057759116454411848941549489892092629334723810820097 
215 200686811274705851367015009476213900556122115576242204059686870190836759285106131617347579205765198600664464934158250346554698726471093649296939352555776008342864920577 
216 1204120867648235108202090056857283403336732693457453224358121221145020555710636789704085475234591191603986789604949502079328192358826561895781636115334656050057189523457 
217 7224725205889410649212540341143700420020396160744719346148727326870123334263820738224512851407547149623920737629697012475969154152959371374689816692007936300343137140737 
218 43348351235336463895275242046862202520122376964468316076892363961220740005582924429347077108445282897743524425778182074855814924917756228248138900152047617802058822844417 
219 260090107412018783371651452281173215120734261786809896461354183767324440033497546576082462650671697386461146554669092449134889549506537369488833400912285706812352937066497 
220 1560540644472112700229908713687039290724405570720859378768125102603946640200985279456494775904030184318766879328014554694809337297039224216933000405473714240874117622398977 
221 9363243866832676201379452282122235744346433424325156272608750615623679841205911676738968655424181105912601275968087328168856023782235345301598002432842285445244705734393857 
222 56179463200996057208276713692733414466078600545950937635652503693742079047235470060433811932545086635475607655808523969013136142693412071809588014597053712671468234406363137 
223 337076779205976343249660282156400486796471603275705625813915022162452474283412820362602871595270519812853645934851143814078816856160472430857528087582322276028809406438178817 
224 2022460675235858059497961692938402920778829619654233754883490132974714845700476922175617229571623118877121875609106862884472901136962834585145168525493933656172856438629072897 
225 12134764051415148356987770157630417524672977717925402529300940797848289074202861533053703377429738713262731253654641177306837406821777007510871011152963601937037138631774437377 
226 72808584308490890141926620945782505148037866307552415175805644787089734445217169198322220264578432279576387521927847063841024440930662045065226066917781611622222831790646624257 
227 436851505850945340851559725674695030888227197845314491054833868722538406671303015189933321587470593677458325131567082383046146645583972270391356401506689669733336990743879745537 
228 2621109035105672045109358354048170185329363187071886946329003212335230440027818091139599929524823562064749950789402494298276879873503833622348138409040138018400021944463278473217 
229 15726654210634032270656150124289021111976179122431321677974019274011382640166908546837599577148941372388499704736414965789661279241023001734088830454240828110400131666779670839297 
230 94359925263804193623936900745734126671857074734587930067844115644068295841001451281025597462893648234330998228418489794737967675446138010404532982725444968662400790000678025035777 
231 566159551582825161743621404474404760031142448407527580407064693864409775046008707686153584777361889405985989370510938768427806052676828062427197896352669811974404740004068150214657 
232 3396957309496950970461728426846428560186854690445165482442388163186458650276052246116921508664171336435915936223065632610566836316060968374563187378116018871846428440024408901287937 
233 20381743856981705822770370561078571361121128142670992894654328979118751901656313476701529051985028018615495617338393795663401017896365810247379124268696113231078570640146453407727617 
234 122290463141890234936622223366471428166726768856025957367925973874712511409937880860209174311910168111692973704030362773980406107378194861484274745612176679386471423840878720446365697 
235 733742778851341409619733340198828569000360613136155744207555843248275068459627285161255045871461008670157842224182176643882436644269169168905648473673060076318828543045272322678194177 
236 4402456673108048457718400041192971414002163678816934465245335059489650410757763710967530275228766052020947053345093059863294619865615015013433890842038360457912971258271633936069165057 
237 26414740038648290746310400247157828484012982072901606791472010356937902464546582265805181651372596312125682320070558359179767719193690090080603345052230162747477827549629803616414990337 
238 158488440231889744477862401482946970904077892437409640748832062141627414787279493594831089908235577872754093920423350155078606315162140540483620070313380976484866965297778821698489942017 
239 950930641391338466867174408897681825424467354624457844492992372849764488723676961568986539449413467236524563522540100930471637890972843242901720421880285858909201791786672930190939652097 
240 5705583848348030801203046453386090952546804127746747066957954237098586932342061769413919236696480803419147381135240605582829827345837059457410322531281715153455210750720037581145637912577 
241 34233503090088184807218278720316545715280824766480482401747725422591521594052370616483515420178884820514884286811443633496978964075022356744461935187690290920731264504320225486873827475457 
242 205401018540529108843309672321899274291684948598882894410486352535549129564314223698901092521073308923089305720868661800981873784450134140466771611126141745524387587025921352921242964852737 
243 1232406111243174653059858033931395645750109691593297366462918115213294777385885342193406555126439853538535834325211970805891242706700804842800629666756850473146325522155528117527457789116417 
244 7394436667459047918359148203588373874500658149559784198777508691279768664315312053160439330758639121231215005951271824835347456240204829056803778000541102838877953132933168705164746734698497 
245 44366620004754287510154889221530243247003948897358705192665052147678611985891872318962635984551834727387290035707630949012084737441228974340822668003246617033267718797599012230988480408190977 
246 266199720028525725060929335329181459482023693384152231155990312886071671915351233913775815907311008364323740214245785694072508424647373846044936008019479702199606312785594073385930882449145857 
247 1597198320171154350365576011975088756892142160304913386935941877316430031492107403482654895443866050185942441285474714164435050547884243076269616048116878213197637876713564440315585294694875137 
248 9583189921026926102193456071850532541352852961829480321615651263898580188952644420895929372663196301115654647712848284986610303287305458457617696288701269279185827260281386641893511768169250817 
249 57499139526161556613160736431103195248117117770976881929693907583391481133715866525375576235979177806693927886277089709919661819723832750745706177732207615675114963561688319851361070609015504897 
250 344994837156969339678964418586619171488702706625861291578163445500348886802295199152253457415875066840163567317662538259517970918342996504474237066393245694050689781370129919108166423654093029377 
251 2069969022941816038073786511519715028932216239755167749468980673002093320813771194913520744495250401040981403905975229557107825510057979026845422398359474164304138688220779514648998541924558176257 
252 12419814137650896228442719069118290173593297438531006496813884038012559924882627169481124466971502406245888423435851377342646953060347874161072534390156844985824832129324677087893991251547349057537 
253 74518884825905377370656314414709741041559784631186038980883304228075359549295763016886746801829014437475330540615108264055881718362087244966435206340941069914948992775948062527363947509284094345217 
254 447113308955432264223937886488258446249358707787116233885299825368452157295774578101320480810974086624851983243690649584335290310172523469798611238045646419489693956655688375164183685055704566071297 
255 2682679853732593585343627318929550677496152246722697403311798952210712943774647468607922884865844519749111899462143897506011741861035140818791667428273878516938163739934130250985102110334227396427777 
256 16096079122395561512061763913577304064976913480336184419870793713264277662647884811647537309195067118494671396772863385036070451166210844912750004569643271101628982439604781505910612662005364378566657 
257 96576474734373369072370583481463824389861480882017106519224762279585665975887308869885223855170402710968028380637180310216422706997265069476500027417859626609773894637628689035463675972032186271399937 
258 579458848406240214434223500888782946339168885292102639115348573677513995855323853219311343131022416265808170283823081861298536241983590416859000164507157759658643367825772134212782055832193117628399617 
259 3476753090437441286605341005332697678035013311752615834692091442065083975131943119315868058786134497594849021702938491167791217451901542501154000987042946557951860206954632805276692334993158705770397697 
260 20860518542624647719632046031996186068210079870515695008152548652390503850791658715895208352716806985569094130217630947006747304711409255006924005922257679347711161241727796831660154009958952234622386177 
261 125163111255747886317792276191977116409260479223094170048915291914343023104749952295371250116300841913414564781305785682040483828268455530041544035533546076086266967450366780989960924059753713407734317057 
262 750978667534487317906753657151862698455562875338565020293491751486058138628499713772227500697805051480487388687834714092242902969610733180249264213201276456517601804702200685939765544358522280446405902337 
263 4505872005206923907440521942911176190733377252031390121760950508916348831770998282633365004186830308882924332127008284553457417817664399081495585279207658739105610828213204115638593266151133682678435414017 
264 27035232031241543444643131657467057144400263512188340730565703053498092990625989695800190025120981853297545992762049707320744506905986394488973511675245952434633664969279224693831559596906802096070612484097 
265 162211392187449260667858789944802342866401581073130044383394218320988557943755938174801140150725891119785275956572298243924467041435918366933841070051475714607801989815675348162989357581440812576423674904577 
266 973268353124695564007152739668814057198409486438780266300365309925931347662535629048806840904355346718711655739433789463546802248615510201603046420308854287646811938894052088977936145488644875458542049427457 
267 5839610118748173384042916438012884343190456918632681597802191859555588085975213774292841045426132080312269934436602736781280813491693061209618278521853125725880871633364312533867616872931869252751252296564737 
268 35037660712489040304257498628077306059142741511796089586813151157333528515851282645757046272556792481873619606619616420687684880950158367257709671131118754355285229800185875203205701237591215516507513779388417 
269 210225964274934241825544991768463836354856449070776537520878906944001171095107695874542277635340754891241717639717698524126109285700950203546258026786712526131711378801115251219234207425547293099045082676330497 
270 1261355785649605450953269950610783018129138694424659225125273441664007026570646175247253665812044529347450305838306191144756655714205701221277548160720275156790268272806691507315405244553283758594270496057982977 
271 7568134713897632705719619703664698108774832166547955350751640649984042159423877051483521994872267176084701835029837146868539934285234207327665288964321650940741609636840149043892431467319702551565622976347897857 
272 45408808283385796234317718221988188652648992999287732104509843899904252956543262308901131969233603056508211010179022881211239605711405243965991733785929905644449657821040894263354588803918215309393737858087387137 
273 272452849700314777405906309331929131915893957995726392627059063399425517739259573853406791815401618339049266061074137287267437634268431463795950402715579433866697946926245365580127532823509291856362427148524322817 
274 1634717098201888664435437855991574791495363747974358355762354380396553106435557443120440750892409710034295596366444823723604625805610588782775702416293476603200187681557472193480765196941055751138174562891145936897 
275 9808302589211331986612627135949448748972182487846150134574126282379318638613344658722644505354458260205773578198668942341627754833663532696654214497760859619201126089344833160884591181646334506829047377346875621377 
276 58849815535267991919675762815696692493833094927076900807444757694275911831680067952335867032126749561234641469192013654049766529001981196179925286986565157715206756536068998965307547089878007040974284264081253728257 
277 353098893211607951518054576894180154962998569562461404844668546165655470990080407714015202192760497367407848815152081924298599174011887177079551721919390946291240539216413993791845282539268042245845705584487522369537 
278 2118593359269647709108327461365080929777991417374768429068011276993932825940482446284091213156562984204447092890912491545791595044071323062477310331516345677747443235298483962751071695235608253475074233506925134217217 
279 12711560155617886254649964768190485578667948504248610574408067661963596955642894677704547278939377905226682557345474949274749570264427938374863861989098074066484659411790903776506430171413649520850445401041550805303297 
280 76269360933707317527899788609142913472007691025491663446448405971781581733857368066227283673636267431360095344072849695648497421586567630249183171934588444398907956470745422659038581028481897125102672406249304831819777 
281 457616165602243905167398731654857480832046146152949980678690435830689490403144208397363702041817604588160572064437098173890984529519405781495099031607530666393447738824472535954231486170891382750616034437495828990918657 
282 2745696993613463431004392389929144884992276876917699884072142614984136942418865250384182212250905627528963432386622589043345907177116434688970594189645183998360686432946835215725388917025348296503696206624974973945511937 
283 16474181961680780586026354339574869309953661261506199304432855689904821654513191502305093273505433765173780594319735534260075443062698608133823565137871103990164118597681011294352333502152089779022177239749849843673071617 
284 98845091770084683516158126037449215859721967569037195826597134139428929927079149013830559641032602591042683565918413205560452658376191648802941390827226623940984711586086067766114001012912538674133063438499099062038429697 
285 593070550620508101096948756224695295158331805414223174959582804836573579562474894082983357846195615546256101395510479233362715950257149892817648344963359743645908269516516406596684006077475232044798380630994594372230578177 
286 3558423303723048606581692537348171770949990832485339049757496829019441477374849364497900147077173693277536608373062875400176295701542899356905890069780158461875449617099098439580104036464851392268790283785967566233383469057 
287 21350539822338291639490155224089030625699944994912034298544980974116648864249096186987400882463042159665219650238377252401057774209257396141435340418680950771252697702594590637480624218789108353612741702715805397400300814337 
288 128103238934029749836940931344534183754199669969472205791269885844699893185494577121924405294778252957991317901430263514406346645255544376848612042512085704627516186215567543824883745312734650121676450216294832384401804886017 
289 768619433604178499021645588067205102525198019816833234747619315068199359112967462731546431768669517747947907408581581086438079871533266261091672255072514227765097117293405262949302471876407900730058701297768994306410829316097 
290 4611716601625070994129873528403230615151188118900999408485715890409196154677804776389278590612017106487687444451489486518628479229199597566550033530435085366590582703760431577695814831258447404380352207786613965838464975896577 
291 27670299609750425964779241170419383690907128713405996450914295342455176928066828658335671543672102638926124666708936919111770875375197585399300201182610512199543496222562589466174888987550684426282113246719683795030789855379457 
292 166021797658502555788675447022516302145442772280435978705485772054731061568400971950014029262032615833556748000253621514670625252251185512395801207095663073197260977335375536797049333925304106557692679480318102770184739132276737 
293 996130785951015334732052682135097812872656633682615872232914632328386369410405831700084175572195695001340488001521729088023751513507113074374807242573978439183565864012253220782296003551824639346156076881908616621108434793660417 
294 5976784715706092008392316092810586877235939802095695233397487793970318216462434990200505053433174170008042928009130374528142509081042678446248843455443870635101395184073519324693776021310947836076936461291451699726650608761962497 
295 35860708294236552050353896556863521263415638812574171400384926763821909298774609941203030320599045020048257568054782247168855054486256070677493060732663223810608371104441115948162656127865687016461618767748710198359903652571774977 
296 215164249765419312302123379341181127580493832875445028402309560582931455792647659647218181923594270120289545408328693483013130326917536424064958364395979342863650226626646695688975936767194122098769712606492261190159421915430649857 
297 1290985498592515873812740276047086765482962997252670170413857363497588734755885957883309091541565620721737272449972160898078781961505218544389750186375876057181901359759880174133855620603164732592618275638953567140956531492583899137 
298 7745912991555095242876441656282520592897777983516021022483144180985532408535315747299854549249393724330423634699832965388472691769031311266338501118255256343091408158559281044803133723618988395555709653833721402845739188955503394817 
299 46475477949330571457258649937695123557386667901096126134898865085913194451211894483799127295496362345982541808198997792330836150614187867598031006709531538058548448951355686268818802341713930373334257923002328417074435133733020368897 
300 278852867695983428743551899626170741344320007406576756809393190515479166707271366902794763772978174075895250849193986753985016903685127205588186040257189228351290693708134117612912814050283582240005547538013970502446610802398122213377 
301 1673117206175900572461311397757024448065920044439460540856359143092875000243628201416768582637869044455371505095163920523910101422110763233529116241543135370107744162248804705677476884301701493440033285228083823014679664814388733280257 
302 10038703237055403434767868386542146688395520266636763245138154858557250001461769208500611495827214266732229030570983523143460608532664579401174697449258812220646464973492828234064861305810208960640199711368502938088077988886332399681537 
303 60232219422332420608607210319252880130373121599820579470828929151343500008770615251003668974963285600393374183425901138860763651195987476407048184695552873323878789840956969404389167834861253763841198268211017628528467933317994398089217 
304 361393316533994523651643261915517280782238729598923476824973574908061000052623691506022013849779713602360245100555406833164581907175924858442289108173317239943272739045741816426335007009167522583047189609266105771170807599907966388535297 
305 2168359899203967141909859571493103684693432377593540860949841449448366000315742149036132083098678281614161470603332440998987491443055549150653734649039903439659636434274450898558010042055005135498283137655596634627024845599447798331211777 
306 13010159395223802851459157428958622108160594265561245165699048696690196001894452894216792498592069689684968823619994645993924948658333294903922407894239420637957818605646705391348060252330030812989698825933579807762149073596686789987270657 
307 78060956371342817108754944573751732648963565593367470994194292180141176011366717365300754991552418138109812941719967875963549691949999769423534447365436523827746911633880232348088361513980184877938192955601478846572894441580120739923623937 
308 468365738228056902652529667442510395893781393560204825965165753080847056068200304191804529949314508828658877650319807255781298151699998616541206684192619142966481469803281394088530169083881109267629157733608873079437366649480724439541743617 
309 2810194429368341415915178004655062375362688361361228955790994518485082336409201825150827179695887052971953265901918843534687788910199991699247240105155714857798888818819688364531181014503286655605774946401653238476624199896884346637250461697 
310 16861166576210048495491068027930374252176130168167373734745967110910494018455210950904963078175322317831719595411513061208126733461199950195483440630934289146793332912918130187187086087019719933634649678409919430859745199381306079823502770177 
311 101166999457260290972946408167582245513056781009004242408475802665462964110731265705429778469051933906990317572469078367248760400767199701172900643785605734880759997477508781123122516522118319601807898070459516585158471196287836478941016621057 
312 607001996743561745837678449005493473078340686054025454450854815992777784664387594232578670814311603441941905434814470203492562404603198207037403862713634409284559984865052686738735099132709917610847388422757099510950827177727018873646099726337 
313 3642011980461370475026070694032960838470044116324152726705128895956666707986325565395472024885869620651651432608886821220955374427619189242224423176281806455707359909190316120432410594796259505665084330536542597065704963066362113241876598358017 
314 21852071882768222850156424164197765030820264697944916360230773375740000247917953392372832149315217723909908595653320927325732246565715135453346539057690838734244159455141896722594463568777557033990505983219255582394229778398172679451259590148097 
315 131112431296609337100938544985186590184921588187669498161384640254440001487507720354236992895891306343459451573919925563954393479394290812720079234346145032405464956730851380335566781412665342203943035899315533494365378670389036076707557540888577 
316 786674587779656022605631269911119541109529529126016988968307841526640008925046322125421957375347838060756709443519553383726360876365744876320475406076870194432789740385108282013400688475992053223658215395893200966192272022334216460245345245331457 
317 4720047526677936135633787619466717246657177174756101933809847049159840053550277932752531744252087028364540256661117320302358165258194469257922852436461221166596738442310649692080404130855952319341949292375359205797153632134005298761472071471988737 
318 28320285160067616813802725716800303479943063048536611602859082294959040321301667596515190465512522170187241539966703921814148991549166815547537114618767326999580430653863898152482424785135713916051695754252155234782921792804031792568832428831932417 
319 169921710960405700882816354300801820879658378291219669617154493769754241927810005579091142793075133021123449239800223530884893949295000893285222687712603961997482583923183388914894548710814283496310174525512931408697530756824190755412994572991594497 
320 1019530265762434205296898125804810925277950269747318017702926962618525451566860033474546856758450798126740695438801341185309363695770005359711336126275623771984895503539100333489367292264885700977861047153077588452185184540945144532477967437949566977 
321 6117181594574605231781388754828865551667701618483908106217561775711152709401160200847281140550704788760444172632808047111856182174620032158268016757653742631909373021234602000936203753589314205867166282918465530713111107245670867194867804627697401857 
322 36703089567447631390688332528973193310006209710903448637305370654266916256406961205083686843304228732562665035796848282671137093047720192949608100545922455791456238127407612005617222521535885235202997697510793184278666643474025203169206827766184411137 
323 220218537404685788344129995173839159860037258265420691823832223925601497538441767230502121059825372395375990214781089696026822558286321157697648603275534734748737428764445672033703335129215311411217986185064759105671999860844151219015240966597106466817 
324 1321311224428114730064779971043034959160223549592524150942993343553608985230650603383012726358952234372255941288686538176160935349717926946185891619653208408492424572586674032202220010775291868467307917110388554634031999165064907314091445799582638800897 
325 7927867346568688380388679826258209754961341297555144905657960061321653911383903620298076358153713406233535647732119229056965612098307561677115349717919250450954547435520044193213320064651751210803847502662331327804191994990389443884548674797495832805377 
326 47567204079412130282332078957549258529768047785330869433947760367929923468303421721788458148922280437401213886392715374341793672589845370062692098307515502705727284613120265159279920387910507264823085015973987966825151969942336663307292048784974996832257 
327 285403224476472781693992473745295551178608286711985216603686562207579540809820530330730748893533682624407283318356292246050762035539072220376152589845093016234363707678721590955679522327463043588938510095843927800950911819654019979843752292709849980993537 
328 1712419346858836690163954842471773307071649720271911299622119373245477244858923181984384493361202095746443699910137753476304572213234433322256915539070558097406182246072329545734077133964778261533631060575063566805705470917924119879062513756259099885961217 
329 10274516081153020140983729054830639842429898321631467797732716239472863469153539091906306960167212574478662199460826520857827433279406599933541493234423348584437093476433977274404462803788669569201786363450381400834232825507544719274375082537554599315767297 
330 61647096486918120845902374328983839054579389929788806786396297436837180814921234551437841761003275446871973196764959125146964599676439599601248959406540091506622560858603863646426776822732017415210718180702288405005396953045268315646250495225327595894603777 
342 134192310698411020535673666419791873683475355908820554823144385356309250905958628602882777347315063630893417708183415367381925944592985035782911378374537514067439617496093884006894357305137258771075069053626797474793362072057161477879230502637745450556719617315700737 
354 292107451555324932769787694922959311430532409833633810332740302021191043525482739889539588408256367538444815565843261219867926961850124535404569419099105652791354072112093715703840539199895346948337278045915049479379595808506388287347163699414245703636228629077497097586999297 
366 635854340759607040393661408778454709968705840801366777024683371915033761227677994064432367219802817417210475434505455968042315663493496968068873325180714218393968637695275812320725893091047764285732091420668476663279500394776344567054598240585343594439233449433391657118648290777235457 
378 1384116497234437427830160640993815550035881987036443284884581399977563984284051131775369222830732202356816905319993401446860293236828764250961879485674962718464037219473060138907807290778417213029473273432848285312655036290254173524214016997682854236866071198106956167785642255560477851533705217 
390 3012920342146116243797968491357775174560232075561510730802572590225312077299304110169432044135985776036696608686746063906082328977709118678202090273778023883011057270595512538240221243058474279360906468992722229636475720258064253877787940484159790032872823781757578824762038296319245966937800022819864577 
402 6558471780558742170502087364672173656242029750142913840285491117760225589952591772109017640827586219223933265580412989228287176680418147284837978346237406373524599959316683894107838126621649426423150570651489462027216049150631629394188291599738318745026422142570616619869644366783268437669443100374678118948929537 
414 14276365523074738167127244026547178045632186500897588323103382262225354947583980846945847066865882103523681560958239782537093797733245340103481671886040078256342167252906876130789636513177337826622445823662482273030986647046802734108167454212327554466511203573226991890760268480215723875465160747852674311013736700073476097 
426 31076540292908490450027600661349412240379145528211518406731303210267872701231015384194039443711063044008873379582803592279227043680885296291571315461279847336463309648085332614442906493745060216496370610065462237846980913943346756883163627659483414008779491484300598466222194038351153201566025699326251370575672302074872667891040257 
438 67646863973595468076044771832087318488839509928584222939511564326371199124336279743657838657557508321980906199936469909030767408418051533809618745180397663634789981154050528255804017336083941566525635352100042003020338724401013325106157000486844518499286145982087964055501164633847296854398772280015431084564913618481038972914410801925718017 
450 147252498583517385317586164069238032896112058351438757983014769693372565232993881469948991217709137019461037145294592020173701375168912282334484871403174767655880386045910084758703074415025299415269171925628511937032731984012897986591707883502506548247671311183326452554217858802386703514003611399224036192306226210075368787167671873479497761345765377 
462 320536637848465665108227312103915230987643651696013168563205538695641536266188805579862678903728379849766473898117133425840668805206597272519151511729662368554224550873597957547007674655520604760269062133055250482497995236621510733382794564880202065949862663317824279641563517336777490850552189934039126090036892316912288004592331604434197585049005658877198337 
474 697738491309369104510080741260561671255262535274417906951776316170036976332143186027183316743275781798869994106426439700325133805599945773485467232440825851112757860519181402754004195846572137326191209058521150962357113186489844882062072735148029813270368107136155045875679875960727005245883622894533374805669052783788782589741274317586900577468533212607926930973392897 
486 1518824823029524178001681691509777019427094433827929812534718288862087662546659356366734659720655768596370507931293178023036884724866419842281022224283995877954417255023305866694618086788702794681419294037072031697248364908303768182652723185417437642728315687831737850819449605981981574737418807028505441239447826761603049096293140744653619322021702693034267836921572942000685057 
498 3306151046248994237158980484373083787187628003360558479373366157931137963915096862748237145278894171417082835376186891557850091745557442672237235125844832474627987293908339478946015357587763207816348266669488527758202340537277902302237269452314331047072476436303817093846381027543737426165877097373843292969915975688245600316551671850923884978645138230840624470103808597482643729799970817 
510 7196771197622729713213463542152052821798011755454212336994963801444687424229388254559379032982162625954062004695679540577875601847708847682258651023417768407649370912612113780861130127981766520525324038910360177378700533995403287254643821424670230142923751218322378179259656518282737096699985471510334068568986075282378465598785687716359538102010474113172161777731330641325152937609733285584306177 
522 15665804419218723231825413235936580008628867749193081071963916523944206866103870764610727742124333007256177319270304279446514842507461581705655172130964120618309997884086248897800682931588128691955706808576248721515782105034961380892242604448760511600171177046902632374124261866425123165828452265840326441919981686104647655982220348070583620765575366136538426684699918693812144547087377477731161122732507137 
534 34101046338986055651510392567887347779034046896123577130866998318700270555664823021631446065161411205977006615471430764844381365932064319255490930001722176411710601566276322101231995854217734963943967875303711526138137631465000596368401620790696898745575712772026293663895436699872599573999773698500398795245146059756093665045901983739818106893427253882749411392485824473326468752378523542089424888734049586638749697 
546 74230555309822314092520794262202859483290144426077429571604842305488447423992091490053477696780064902003205622713354801560219146208469786171217327435961283192487501033404231245008212413486396567442826164712569885337100292109891100404202396690959362319349769712756430975116307559288808203083832254893057786445314732617065158433420067392195274938572280752956333833560305843933560341433528032180412630195044541943331951378169857 
558 161583761589892220615243134662653336971916073549574206459753467902652768204610687359244329945720809355614149014898311123337070277755598404127202949979728692433300480150296076521793164956613116224300576685264948643567345321325251118243470237285745190790584569716395992817036433840603150418964786779638257758561421339921390489038910234767260258748947625802268127268213237751832146908822632738611161778599873193635456104744410998548463617 
570 351732678013312661979076307878933102811922636977189952942808443845237513369298978000421543734000896592924422007302444489512451954609000331213884878602964975761185343371483124542743680523089637782972509283098171687264557321873050744956633359865338715909894366472811326745307789052657577417953547267922883958651454743794334445098301415730985202359498650435515088173246510219556569028082109502424082132094546779745568472110999656364417239247486977 
582 765645480493354575441192108586959204726665126370487524482576638793960936826853860014170216954024634311640464408505624174391242666841545707604534041680438516463616409873139151626732520738288763670612759781044123482732804537112723296053240583783200655449580224563926320319910366093039188379953770961355593211370241066994912836966344305367001116373542184083867950997005511219574221213093823922494491166156628112075836024369732683276133425327815581746855937 
594 1666643557576166805205166388754686716801612355270485035002040367092946510758707372932262437962808548078438482107271730859469440590270209607250170575440666319372045387691585306131097016539860659625468377787588075633815569924127632511704392618337599240326268371445668116877858754014621037821259825125268593917312255110696318865367986110417078027414207004064624098286795185717418982177619127825180241427797789083687708150280499637997369850632763967812120025021546497 
606 3627920256539998876160159050982111082347584191272148326344783195046881634812388167591913399473737472406951630313761160887039176608701605740079668841606197860079203012117314710223324485906268523774027940494596483083921736892613890660977435105206075710989239867758417140538106405241996160863306312599133662494762361521289471566356594305049241042808969561895353939630623622319517127915340131985578445556245646657225028841853825057247069105316359027990695437178780431895494657 
618 7897192730852858031085285729128382856044062679834057845559287504727694634542409237189484744416143425836739712473397432741760970981806039269841630367137953369941408677734964620967091356117046274224100076439096727824803642474281446059051045231598887247560018430203498346842979557819235048347059691823088405421584401077189009648419286360349383512192784764695465136255951865729460232095564902738115767029173218120344889560037943878649608816223974023964275400006566918172563765163196417 
630 17190469640508103577182188884679544477281946479139600529415673081036762170473891870397304676586535642603941025941810401500013331167403963660713598500627091770880131764650587476506099701293871878225633151888875536924432271606475186073879128182481486797744307218701424086812999267070001534273985534698102477888111557397964408736012672870934268817830894502439004927905789196186132788040085944221888435592195457888641877822161407724803796004466216875088275385773629151479994203840898115647307777 
642 37419910661002309931668601417985973438673694387488474910528285564351520459320588572654854122003763562254667869255850645846296923049723207073027258371161138289902829998643908030881292826031376649568701267447709303679619935661329528267933277226705485108347012598226548810219467339738925815300510296250344566584671822541339047293236473377596124179729892987988734844482275394397612421156091143304088011159764772191427494673151101676246852208269438002437276300455621631556319640303250372516744772752244737 
654 81455000541567912314453578572496419677070077210547251588817152444844181030591663766078539077434581447836397351342893150532410913105788726845835998068851697639113727497458962955630940736548621672544010937440985415912656479141038595408849833093683567458160823182189016376327552788472604566360549344663877086455089471664913467934985767519285501256498520307424138176456724143612156078946771899550383459281946830021363381029249411587794138662563505772352587998783225919471296782181989094279869885547420445673783297 