1 3 
2 5 
3 9 
4 17 
5 33 
6 65 
7 129 
8 257 
9 513 
10 1025 
11 2049 
12 4097 
13 8193 
14 16385 
15 32769 
16 65537 
17 131073 
18 262145 
19 524289 
20 1048577 
21 2097153 
22 4194305 
23 8388609 
24 16777217 
25 33554433 
26 67108865 
27 134217729 
28 268435457 
29 536870913 
30 1073741825 
31 2147483649 
32 4294967297 
33 8589934593 
34 17179869185 
35 34359738369 
36 68719476737 
37 137438953473 
38 274877906945 
39 549755813889 
40 1099511627777 
41 2199023255553 
42 4398046511105 
43 8796093022209 
44 17592186044417 
45 35184372088833 
46 70368744177665 
47 140737488355329 
48 281474976710657 
49 562949953421313 
50 1125899906842625 
51 2251799813685249 
52 4503599627370497 
53 9007199254740993 
54 18014398509481985 
55 36028797018963969 
56 72057594037927937 
57 144115188075855873 
58 288230376151711745 
59 576460752303423489 
60 1152921504606846977 
61 2305843009213693953 
62 4611686018427387905 
63 9223372036854775809 
64 18446744073709551617 
65 36893488147419103233 
66 73786976294838206465 
67 147573952589676412929 
68 295147905179352825857 
69 590295810358705651713 
70 1180591620717411303425 
71 2361183241434822606849 
72 4722366482869645213697 
73 9444732965739290427393 
74 18889465931478580854785 
75 37778931862957161709569 
76 75557863725914323419137 
77 151115727451828646838273 
78 302231454903657293676545 
79 604462909807314587353089 
80 1208925819614629174706177 
81 2417851639229258349412353 
82 4835703278458516698824705 
83 9671406556917033397649409 
84 19342813113834066795298817 
85 38685626227668133590597633 
86 77371252455336267181195265 
87 154742504910672534362390529 
88 309485009821345068724781057 
89 618970019642690137449562113 
90 1237940039285380274899124225 
91 2475880078570760549798248449 
92 4951760157141521099596496897 
93 9903520314283042199192993793 
94 19807040628566084398385987585 
95 39614081257132168796771975169 
96 79228162514264337593543950337 
97 158456325028528675187087900673 
98 316912650057057350374175801345 
99 633825300114114700748351602689 
100 1267650600228229401496703205377 
101 2535301200456458802993406410753 
102 5070602400912917605986812821505 
103 10141204801825835211973625643009 
104 20282409603651670423947251286017 
105 40564819207303340847894502572033 
106 81129638414606681695789005144065 
107 162259276829213363391578010288129 
108 324518553658426726783156020576257 
109 649037107316853453566312041152513 
110 1298074214633706907132624082305025 
111 2596148429267413814265248164610049 
112 5192296858534827628530496329220097 
113 10384593717069655257060992658440193 
114 20769187434139310514121985316880385 
115 41538374868278621028243970633760769 
116 83076749736557242056487941267521537 
117 166153499473114484112975882535043073 
118 332306998946228968225951765070086145 
119 664613997892457936451903530140172289 
120 1329227995784915872903807060280344577 
121 2658455991569831745807614120560689153 
122 5316911983139663491615228241121378305 
123 10633823966279326983230456482242756609 
124 21267647932558653966460912964485513217 
125 42535295865117307932921825928971026433 
126 85070591730234615865843651857942052865 
127 170141183460469231731687303715884105729 
128 340282366920938463463374607431768211457 
129 680564733841876926926749214863536422913 
130 1361129467683753853853498429727072845825 
131 2722258935367507707706996859454145691649 
132 5444517870735015415413993718908291383297 
133 10889035741470030830827987437816582766593 
134 21778071482940061661655974875633165533185 
135 43556142965880123323311949751266331066369 
136 87112285931760246646623899502532662132737 
137 174224571863520493293247799005065324265473 
138 348449143727040986586495598010130648530945 
139 696898287454081973172991196020261297061889 
140 1393796574908163946345982392040522594123777 
141 2787593149816327892691964784081045188247553 
142 5575186299632655785383929568162090376495105 
143 11150372599265311570767859136324180752990209 
144 22300745198530623141535718272648361505980417 
145 44601490397061246283071436545296723011960833 
146 89202980794122492566142873090593446023921665 
147 178405961588244985132285746181186892047843329 
148 356811923176489970264571492362373784095686657 
149 713623846352979940529142984724747568191373313 
150 1427247692705959881058285969449495136382746625 
151 2854495385411919762116571938898990272765493249 
152 5708990770823839524233143877797980545530986497 
153 11417981541647679048466287755595961091061972993 
154 22835963083295358096932575511191922182123945985 
155 45671926166590716193865151022383844364247891969 
156 91343852333181432387730302044767688728495783937 
157 182687704666362864775460604089535377456991567873 
158 365375409332725729550921208179070754913983135745 
159 730750818665451459101842416358141509827966271489 
160 1461501637330902918203684832716283019655932542977 
161 2923003274661805836407369665432566039311865085953 
162 5846006549323611672814739330865132078623730171905 
163 11692013098647223345629478661730264157247460343809 
164 23384026197294446691258957323460528314494920687617 
165 46768052394588893382517914646921056628989841375233 
166 93536104789177786765035829293842113257979682750465 
167 187072209578355573530071658587684226515959365500929 
168 374144419156711147060143317175368453031918731001857 
169 748288838313422294120286634350736906063837462003713 
170 1496577676626844588240573268701473812127674924007425 
171 2993155353253689176481146537402947624255349848014849 
172 5986310706507378352962293074805895248510699696029697 
173 11972621413014756705924586149611790497021399392059393 
174 23945242826029513411849172299223580994042798784118785 
175 47890485652059026823698344598447161988085597568237569 
176 95780971304118053647396689196894323976171195136475137 
177 191561942608236107294793378393788647952342390272950273 
178 383123885216472214589586756787577295904684780545900545 
179 766247770432944429179173513575154591809369561091801089 
180 1532495540865888858358347027150309183618739122183602177 
181 3064991081731777716716694054300618367237478244367204353 
182 6129982163463555433433388108601236734474956488734408705 
183 12259964326927110866866776217202473468949912977468817409 
184 24519928653854221733733552434404946937899825954937634817 
185 49039857307708443467467104868809893875799651909875269633 
186 98079714615416886934934209737619787751599303819750539265 
187 196159429230833773869868419475239575503198607639501078529 
188 392318858461667547739736838950479151006397215279002157057 
189 784637716923335095479473677900958302012794430558004314113 
190 1569275433846670190958947355801916604025588861116008628225 
191 3138550867693340381917894711603833208051177722232017256449 
192 6277101735386680763835789423207666416102355444464034512897 
193 12554203470773361527671578846415332832204710888928069025793 
194 25108406941546723055343157692830665664409421777856138051585 
195 50216813883093446110686315385661331328818843555712276103169 
196 100433627766186892221372630771322662657637687111424552206337 
197 200867255532373784442745261542645325315275374222849104412673 
198 401734511064747568885490523085290650630550748445698208825345 
199 803469022129495137770981046170581301261101496891396417650689 
200 1606938044258990275541962092341162602522202993782792835301377 
201 3213876088517980551083924184682325205044405987565585670602753 
202 6427752177035961102167848369364650410088811975131171341205505 
203 12855504354071922204335696738729300820177623950262342682411009 
204 25711008708143844408671393477458601640355247900524685364822017 
205 51422017416287688817342786954917203280710495801049370729644033 
206 102844034832575377634685573909834406561420991602098741459288065 
207 205688069665150755269371147819668813122841983204197482918576129 
208 411376139330301510538742295639337626245683966408394965837152257 
209 822752278660603021077484591278675252491367932816789931674304513 
210 1645504557321206042154969182557350504982735865633579863348609025 
211 3291009114642412084309938365114701009965471731267159726697218049 
212 6582018229284824168619876730229402019930943462534319453394436097 
213 13164036458569648337239753460458804039861886925068638906788872193 
214 26328072917139296674479506920917608079723773850137277813577744385 
215 52656145834278593348959013841835216159447547700274555627155488769 
216 105312291668557186697918027683670432318895095400549111254310977537 
217 210624583337114373395836055367340864637790190801098222508621955073 
218 421249166674228746791672110734681729275580381602196445017243910145 
219 842498333348457493583344221469363458551160763204392890034487820289 
220 1684996666696914987166688442938726917102321526408785780068975640577 
221 3369993333393829974333376885877453834204643052817571560137951281153 
222 6739986666787659948666753771754907668409286105635143120275902562305 
223 13479973333575319897333507543509815336818572211270286240551805124609 
224 26959946667150639794667015087019630673637144422540572481103610249217 
225 53919893334301279589334030174039261347274288845081144962207220498433 
226 107839786668602559178668060348078522694548577690162289924414440996865 
227 215679573337205118357336120696157045389097155380324579848828881993729 
228 431359146674410236714672241392314090778194310760649159697657763987457 
229 862718293348820473429344482784628181556388621521298319395315527974913 
230 1725436586697640946858688965569256363112777243042596638790631055949825 
231 3450873173395281893717377931138512726225554486085193277581262111899649 
232 6901746346790563787434755862277025452451108972170386555162524223799297 
233 13803492693581127574869511724554050904902217944340773110325048447598593 
234 27606985387162255149739023449108101809804435888681546220650096895197185 
235 55213970774324510299478046898216203619608871777363092441300193790394369 
236 110427941548649020598956093796432407239217743554726184882600387580788737 
237 220855883097298041197912187592864814478435487109452369765200775161577473 
238 441711766194596082395824375185729628956870974218904739530401550323154945 
239 883423532389192164791648750371459257913741948437809479060803100646309889 
240 1766847064778384329583297500742918515827483896875618958121606201292619777 
241 3533694129556768659166595001485837031654967793751237916243212402585239553 
242 7067388259113537318333190002971674063309935587502475832486424805170479105 
243 14134776518227074636666380005943348126619871175004951664972849610340958209 
244 28269553036454149273332760011886696253239742350009903329945699220681916417 
245 56539106072908298546665520023773392506479484700019806659891398441363832833 
246 113078212145816597093331040047546785012958969400039613319782796882727665665 
247 226156424291633194186662080095093570025917938800079226639565593765455331329 
248 452312848583266388373324160190187140051835877600158453279131187530910662657 
249 904625697166532776746648320380374280103671755200316906558262375061821325313 
250 1809251394333065553493296640760748560207343510400633813116524750123642650625 
251 361850278866613110698659328152149712041468702080125276843049500247285301249 
252 7237005577332262213973186563042994240829374041602535252466099000494570602497 
253 14474011154664524427946373126085988481658748083205070504932198000989141204993 
254 28948022309329048855892746252171976963317496166410141009864396001978282409985 
255 57896044618658097711785492504343953926634992332820282019728792003956564819969 
256 115792089237316195423570985008687907853269984665640564039457584007913129639937 
257 231584178474632390847141970017375815706539969331281128078915168015826259279873 
258 463168356949264781694283940034751631413079938662562256157830336031652518559745 
259 926336713898529563388567880069503262826159877325124512315660672063305037119489 
260 1852673427797059126777135760139006525652319754650249024631321344126610074238977 
261 3705346855594118253554271520278013051304639509300498049262642688253220148477953 
262 7410693711188236507108543040556026102609279018600996098525285376506440296955905 
263 14821387422376473014217086081112052205218558037201992197050570753012880593911809 
264 29642774844752946028434172162224104410437116074403984394101141506025761187823617 
265 59285549689505892056868344324448208820874232148807968788202283012051522375647233 
266 118571099379011784113736688648896417641748464297615937576404566024103044751294465 
267 237142198758023568227473377297792835283496928595231875152809132048206089502588929 
268 474284397516047136454946754595585670566993857190463750305618264096412179005177857 
269 948568795032094272909893509191171341133987714380927500611236528192824358010355713 
270 1897137590064188545819787018382342682267975428761855001222473056385648716020711425 
271 3794275180128377091639574036764685364535950857523710002444946112771297432041422849 
272 7588550360256754183279148073529370729071901715047420004889892225542594864082845697 
273 15177100720513508366558296147058741458143803430094840009779784451085189728165691393 
274 30354201441027016733116592294117482916287606860189680019559568902170379456331382785 
275 60708402882054033466233184588234965832575213720379360039119137804340758912662765569 
276 121416805764108066932466369176469931665150427440758720078238275608681517825325531137 
277 242833611528216133864932738352939863330300854881517440156476551217363035650651062273 
278 485667223056432267729865476705879726660601709763034880312953102434726071301302124545 
279 971334446112864535459730953411759453321203419526069760625906204869452142602604249089 
280 1942668892225729070919461906823518906642406839052139521251812409738904285205208498177 
281 3885337784451458141838923813647037813284813678104279042503624819477808570410416996353 
282 7770675568902916283677847627294075626569627356208558085007249638955617140820833992705 
283 15541351137805832567355695254588151253139254712417116170014499277911234281641667985409 
284 31082702275611665134711390509176302506278509424834232340028998555822468563283335970817 
285 62165404551223330269422781018352605012557018849668464680057997111644937126566671941633 
286 124330809102446660538845562036705210025114037699336929360115994223289874253133343883265 
287 248661618204893321077691124073410420050228075398673858720231988446579748506266687766529 
288 497323236409786642155382248146820840100456150797347717440463976893159497012533375533057 
289 994646472819573284310764496293641680200912301594695434880927953786318994025066751066113 
290 1989292945639146568621528992587283360401824603189390869761855907572637988050133502132225 
291 3978585891278293137243057985174566720803649206378781739523711815145275976100267004264449 
292 7957171782556586274486115970349133441607298412757563479047423630290551952200534008528897 
293 15914343565113172548972231940698266883214596825515126958094847260581103904401068017057793 
294 31828687130226345097944463881396533766429193651030253916189694521162207808802136034115585 
295 63657374260452690195888927762793067532858387302060507832379389042324415617604272068231169 
296 127314748520905380391777855525586135065716774604121015664758778084648831235208544136462337 
297 254629497041810760783555711051172270131433549208242031329517556169297662470417088272924673 
298 509258994083621521567111422102344540262867098416484062659035112338595324940834176545849345 
299 1018517988167243043134222844204689080525734196832968125318070224677190649881668353091698689 
300 2037035976334486086268445688409378161051468393665936250636140449354381299763336706183397377 
301 4074071952668972172536891376818756322102936787331872501272280898708762599526673412366794753 
302 8148143905337944345073782753637512644205873574663745002544561797417525199053346824733589505 
303 16296287810675888690147565507275025288411747149327490005089123594835050398106693649467179009 
304 32592575621351777380295131014550050576823494298654980010178247189670100796213387298934358017 
305 65185151242703554760590262029100101153646988597309960020356494379340201592426774597868716033 
306 130370302485407109521180524058200202307293977194619920040712988758680403184853549195737432065 
307 260740604970814219042361048116400404614587954389239840081425977517360806369707098391474864129 
308 521481209941628438084722096232800809229175908778479680162851955034721612739414196782949728257 
309 1042962419883256876169444192465601618458351817556959360325703910069443225478828393565899456513 
310 2085924839766513752338888384931203236916703635113918720651407820138886450957656787131798913025 
311 4171849679533027504677776769862406473833407270227837441302815640277772901915313574263597826049 
312 8343699359066055009355553539724812947666814540455674882605631280555545803830627148527195652097 
313 16687398718132110018711107079449625895333629080911349765211262561111091607661254297054391304193 
314 33374797436264220037422214158899251790667258161822699530422525122222183215322508594108782608385 
315 66749594872528440074844428317798503581334516323645399060845050244444366430645017188217565216769 
316 133499189745056880149688856635597007162669032647290798121690100488888732861290034376435130433537 
317 266998379490113760299377713271194014325338065294581596243380200977777465722580068752870260867073 
318 533996758980227520598755426542388028650676130589163192486760401955554931445160137505740521734145 
319 1067993517960455041197510853084776057301352261178326384973520803911109862890320275011481043468289 
320 2135987035920910082395021706169552114602704522356652769947041607822219725780640550022962086936577 
321 4271974071841820164790043412339104229205409044713305539894083215644439451561281100045924173873153 
322 8543948143683640329580086824678208458410818089426611079788166431288878903122562200091848347746305 
323 17087896287367280659160173649356416916821636178853222159576332862577757806245124400183696695492609 
324 34175792574734561318320347298712833833643272357706444319152665725155515612490248800367393390985217 
325 68351585149469122636640694597425667667286544715412888638305331450311031224980497600734786781970433 
326 136703170298938245273281389194851335334573089430825777276610662900622062449960995201469573563940865 
327 273406340597876490546562778389702670669146178861651554553221325801244124899921990402939147127881729 
328 546812681195752981093125556779405341338292357723303109106442651602488249799843980805878294255763457 
329 109362536239150596218625111355881068267658471544660621821911430940840100314205251384816260511526913 
330 2187250724783011924372502227117621365353169430893212436425770606409952999199375923223513177023053825 
331 4374501449566023848745004454235242730706338861786424872851541212819905998398751846447026354046107649 
332 8749002899132047697490008908470485461412677723572849745703082425639811996797503692894052708092215297 
333 17498005798264095394980017816940970922825355447145699491406164851279623993595007385788105416184430593 
334 34996011596528190789960035633881941845650710894291398982812329702559247987190014771576210832368861185 
335 69992023193056381579920071267763883691301421788582797965624659405118495974380029543152421664737722369 
336 139984046386112763159840142535527767382602843577165595931249318810236991948760059086304843329475444737 
337 279968092772225526319680285071055534765205687154331191862498637620473983897520118172609686658950889473 
338 559936185544451052639360570142111069530411374308662383724997275240947967795040236345219373317901778945 
339 1119872371088902105278721140284222139060822748617324767449994550481895935590080472690438746635803557889 
340 2239744742177804210557442280568444278121645497234649534899989100963791871180160945380877493271607115777 
341 4479489484355608421114884561136888556243290994469299069799978201927583742360321890761754986543214231553 
342 8958978968711216842229769122273777112486581988938598139599956403855167484720643781523509973086428463105 
343 17917957937422433684459538244547554224973163977877196279199912807710334969441287563047019946172856926209 
344 35835915874844867368919076489095108449946327955754392558399825615420669938882575126094039892345713852417 
345 71671831749689734737838152978190216899892655911508785116799651230841339877765150252188079784691427704833 
346 143343663499379469475676305956380433799785311823017570233599302461682679755530300504376159569382855409665 
347 286687326998758938951352611912760867599570623646035140467198604923365359511060601008752319138765710819329 
348 573374653997517877902705223825521735199141247292070280934397209846730719022121202017504638277531421638657 
349 1146749307995035755805410447651043470398282494584140561868794419693461438044242404035009276555062843277313 
350 2293498615990071511610820895302086940796564989168281123737588839386922876088484808070018553110125686554625 
351 4586997231980143023221641790604173881593129978336562247475177678773845752176969616140037106220251373109249 
352 9173994463960286046443283581208347763186259956673124494950355357547691504353939232280074212440502746218497 
353 18347988927920572092886567162416695526372519913346248989900710715095383008707878464560148424881005492436993 
354 36695977855841144185773134324833391052745039826692497979801421430190766017415756929120296849762010984873985 
355 73391955711682288371546268649666782105490079653384995959602842860381532034831513858240593699524021969747969 
356 146783911423364576743092537299333564210980159306769991919205685720763064069663027716481187399048043939495937 
357 293567822846729153486185074598667128421960318613539983838411371441526128139326055432962374798096087878991873 
358 587135645693458306972370149197334256843920637227079967676822742883052256278652110865924749596192175757983745 
359 1174271291386916613944740298394668513687841274454159935353645485766104512557304221731849499192384351515967489 
360 2348542582773833227889480596789337027375682548908319870707290971532209025114608443463698998384768703031934977 
361 4697085165547666455778961193578674054751365097816639741414581943064418050229216886927397996769537406063869953 
362 9394170331095332911557922387157348109502730195633279482829163886128836100458433773854795993539074812127739905 
363 18788340662190665823115844774314696219005460391266558965658327772257672200916867547709591987078149624255479809 
364 37576681324381331646231689548629392438010920782533117931316655544515344401833735095419183974156299248510959617 
365 75153362648762663292463379097258784876021841565066235862633311089030688803667470190838367948312598497021919233 
366 150306725297525326584926758194517569752043683130132471725266622178061377607334940381676735896625196994043838465 
367 300613450595050653169853516389035139504087366260264943450533244356122755214669880763353471793250393988087676929 
368 601226901190101306339707032778070279008174732520529886901066488712245510429339761526706943586500787976175353857 
369 1202453802380202612679414065556140558016349465041059773802132977424491020858679523053413887173001575952350707713 
370 2404907604760405225358828131112281116032698930082119547604265954848982041717359046106827774346003151904701415425 
371 4809815209520810450717656262224562232065397860164239095208531909697964083434718092213655548692006303809402830849 
372 9619630419041620901435312524449124464130795720328478190417063819395928166869436184427311097384012607618805661697 
373 19239260838083241802870625048898248928261591440656956380834127638791856333738872368854622194768025215237611323393 
374 38478521676166483605741250097796497856523182881313912761668255277583712667477744737709244389536050430475222646785 
375 76957043352332967211482500195592995713046365762627825523336510555167425334955489475418488779072100860950445293569 
376 153914086704665934422965000391185991426092731525255651046673021110334850669910978950836977558144201721900890587137 
377 307828173409331868845930000782371982852185463050511302093346042220669701339821957901673955116288403443801781174273 
378 615656346818663737691860001564743965704370926101022604186692084441339402679643915803347910232576806887603562348545 
379 1231312693637327475383720003129487931408741852202045208373384168882678805359287831606695820465153613775207124697089 
380 2462625387274654950767440006258975862817483704404090416746768337765357610718575663213391640930307227550414249394177 
381 4925250774549309901534880012517951725634967408808180833493536675530715221437151326426783281860614455100828498788353 
382 9850501549098619803069760025035903451269934817616361666987073351061430442874302652853566563721228910201656997576705 
383 19701003098197239606139520050071806902539869635232723333974146702122860885748605305707133127442457820403313995153409 
384 39402006196394479212279040100143613805079739270465446667948293404245721771497210611414266254884915640806627990306817 
385 78804012392788958424558080200287227610159478540930893335896586808491443542994421222828532509769831281613255980613633 
386 157608024785577916849116160400574455220318957081861786671793173616982887085988842445657065019539662563226511961227265 
387 315216049571155833698232320801148910440637914163723573343586347233965774171977684891314130039079325126453023922454529 
388 630432099142311667396464641602297820881275828327447146687172694467931548343955369782628260078158650252906047844909057 
389 1260864198284623334792929283204595641762551656654894293374345388935863096687910739565256520156317300505812095689818113 
390 2521728396569246669585858566409191283525103313309788586748690777871726193375821479130513040312634601011624191379636225 
391 5043456793138493339171717132818382567050206626619577173497381555743452386751642958261026080625269202023248382759272449 
392 10086913586276986678343434265636765134100413253239154346994763111486904773503285916522052161250538404046496765518544897 
393 20173827172553973356686868531273530268200826506478308693989526222973809547006571833044104322501076808092993531037089793 
394 40347654345107946713373737062547060536401653012956617387979052445947619094013143666088208645002153616185987062074179585 
395 80695308690215893426747474125094121072803306025913234775958104891895238188026287332176417290004307232371974124148359169 
396 161390617380431786853494948250188242145606612051826469551916209783790476376052574664352834580008614464743948248296718337 
397 322781234760863573706989896500376484291213224103652939103832419567580952752105149328705669160017228929487896496593436673 
398 645562469521727147413979793000752968582426448207305878207664839135161905504210298657411338320034457858975792993186873345 
399 1291124939043454294827959586001505937164852896414611756415329678270323811008420597314822676640068915717951585986373746689 
400 2582249878086908589655919172003011874329705792829223512830659356540647622016841194629645353280137831435903171972747493377 