1 4 
3 124 
5 3124 
7 78124 
9 1953124 
11 48828124 
13 1220703124 
15 30517578124 
17 762939453124 
19 19073486328124 
21 476837158203124 
23 11920928955078124 
25 298023223876953124 
27 7450580596923828124 
29 186264514923095703124 
31 4656612873077392578124 
33 116415321826934814453124 
35 2910383045673370361328124 
37 72759576141834259033203124 
39 1818989403545856475830078124 
41 45474735088646411895751953124 
43 1136868377216160297393798828124 
45 28421709430404007434844970703124 
47 710542735760100185871124267578124 
49 17763568394002504646778106689453124 
51 444089209850062616169452667236328124 
53 11102230246251565404236316680908203124 
55 277555756156289135105907917022705078124 
57 6938893903907228377647697925567626953124 
59 173472347597680709441192448139190673828124 
61 4336808689942017736029811203479766845703124 
63 108420217248550443400745280086994171142578124 
65 2710505431213761085018632002174854278564453124 
67 67762635780344027125465800054371356964111328124 
69 1694065894508600678136645001359283924102783203124 
71 42351647362715016953416125033982098102569580078124 
73 1058791184067875423835403125849552452564239501953124 
75 26469779601696885595885078146238811314105987548828124 
77 661744490042422139897126953655970282852649688720703124 
79 16543612251060553497428173841399257071316242218017578124 
81 413590306276513837435704346034981426782906055450439453124 
83 10339757656912845935892608650874535669572651386260986328124 
85 258493941422821148397315216271863391739316284656524658203124 
87 6462348535570528709932880406796584793482907116413116455078124 
89 161558713389263217748322010169914619837072677910327911376953124 
91 4038967834731580443708050254247865495926816947758197784423828124 
93 100974195868289511092701256356196637398170423693954944610595703124 
95 2524354896707237777317531408904915934954260592348873615264892578124 
97 63108872417680944432938285222622898373856514808721840381622314453124 
99 1577721810442023610823457130565572459346412870218046009540557861328124 
101 39443045261050590270586428264139311483660321755451150238513946533203124 
103 986076131526264756764660706603482787091508043886278755962848663330078124 
105 24651903288156618919116517665087069677287701097156968899071216583251953124 
107 616297582203915472977912941627176741932192527428924222476780414581298828124 
109 15407439555097886824447823540679418548304813185723105561919510364532470703124 
111 385185988877447170611195588516985463707620329643077639047987759113311767578124 
113 9629649721936179265279889712924636592690508241076940976199693977832794189453124 
115 240741243048404481631997242823115914817262706026923524404992349445819854736328124 
117 6018531076210112040799931070577897870431567650673088110124808736145496368408203124 
119 150463276905252801019998276764447446760789191266827202753120218403637409210205078124 
121 3761581922631320025499956919111186169019729781670680068828005460090935230255126953124 
123 94039548065783000637498922977779654225493244541767001720700136502273380756378173828124 
125 2350988701644575015937473074444491355637331113544175043017503412556834518909454345703124 
127 58774717541114375398436826861112283890933277838604376075437585313920862972736358642578124 
129 1469367938527859384960920671527807097273331945965109401885939632848021574318408966064453124 
131 36734198463196484624023016788195177431833298649127735047148490821200539357960224151611328124 
133 918354961579912115600575419704879435795832466228193376178712270530013483949005603790283203124 
135 22958874039497802890014385492621985894895811655704834404467806763250337098725140094757080078124 
137 573971850987445072250359637315549647372395291392620860111695169081258427468128502368927001953124 
139 14349296274686126806258990932888741184309882284815521502792379227031460686703212559223175048828124 
141 358732406867153170156474773322218529607747057120388037569809480675786517167580313980579376220703124 
143 8968310171678829253911869333055463240193676428009700939245237016894662929189507849514484405517578124 
145 224207754291970731347796733326386581004841910700242523481130925422366573229737696237862110137939453124 
147 5605193857299268283694918333159664525121047767506063087028273135559164330743442405946552753448486328124 
149 140129846432481707092372958328991613128026194187651577175706828388979108268586060148663818836212158203124 
151 3503246160812042677309323958224790328200654854691289429392670709724477706714651503716595470905303955078124 
153 87581154020301066932733098955619758205016371367282235734816767743111942667866287592914886772632598876953124 
155 2189528850507526673318327473890493955125409284182055893370419193577798566696657189822872169315814971923828124 
157 54738221262688166832958186847262348878135232104551397334260479839444964167416429745571804232895374298095703124 
159 1368455531567204170823954671181558721953380802613784933356511995986124104185410743639295105822384357452392578124 
161 34211388289180104270598866779538968048834520065344623333912799899653102604635268590982377645559608936309814453124 
163 855284707229502606764971669488474201220863001633615583347819997491327565115881714774559441138990223407745361328124 
165 21382117680737565169124291737211855030521575040840389583695499937283189127897042869363986028474755585193634033203124 
167 534552942018439129228107293430296375763039376021009739592387498432079728197426071734099650711868889629840850830078124 
169 13363823550460978230702682335757409394075984400525243489809687460801993204935651793352491267796722240746021270751953124 
171 334095588761524455767567058393935234851899610013131087245242186520049830123391294833812281694918056018650531768798828124 
173 8352389719038111394189176459848380871297490250328277181131054663001245753084782370845307042372951400466263294219970703124 
175 208809742975952784854729411496209521782437256258206929528276366575031143827119559271132676059323785011656582355499267578124 
177 5220243574398819621368235287405238044560931406455173238206909164375778595677988981778316901483094625291414558887481689453124 
179 130506089359970490534205882185130951114023285161379330955172729109394464891949724544457922537077365632285363972187042236328124 
181 3262652233999262263355147054628273777850582129034483273879318227734861622298743113611448063426934140807134099304676055908203124 
183 81566305849981556583878676365706844446264553225862081846982955693371540557468577840286201585673353520178352482616901397705078124 
185 2039157646249538914596966909142671111156613830646552046174573892334288513936714446007155039641833838004458812065422534942626953124 
187 50978941156238472864924172728566777778915345766163801154364347308357212848417861150178875991045845950111470301635563373565673828124 
189 1274473528905961821623104318214169444472883644154095028859108682708930321210446528754471899776146148752786757540889084339141845703124 
191 31861838222649045540577607955354236111822091103852375721477717067723258030261163218861797494403653718819668938522227108478546142578124 
193 796545955566226138514440198883855902795552277596309393036942926693081450756529080471544937360091342970491723463055677711963653564453124 
195 19913648889155653462861004972096397569888806939907734825923573167327036268913227011788623434002283574262293086576391942799091339111328124 
197 497841222228891336571525124302409939247220173497693370648089329183175906722830675294715585850057089356557327164409798569977283477783203124 
199 12446030555722283414288128107560248481180504337442334266202233229579397668070766882367889646251427233913933179110244964249432086944580078124 
201 311150763893057085357203202689006212029512608436058356655055830739484941701769172059197241156285680847848329477756124106235802173614501953124 
203 7778769097326427133930080067225155300737815210901458916376395768487123542544229301479931028907142021196208236943903102655895054340362548828124 
205 194469227433160678348252001680628882518445380272536472909409894212178088563605732536998275722678550529905205923597577566397376358509063720703124 
207 4861730685829016958706300042015722062961134506813411822735247355304452214090143313424956893066963763247630148089939439159934408962726593017578124 
209 121543267145725423967657501050393051574028362670335295568381183882611305352253582835623922326674094081190753702248485978998360224068164825439453124 
211 3038581678643135599191437526259826289350709066758382389209529597065282633806339570890598058166852352029768842556212149474959005601704120635986328124 
213 75964541966078389979785938156495657233767726668959559730238239926632065845158489272264951454171308800744221063905303736873975140042603015899658203124 
215 1899113549151959749494648453912391430844193166723988993255955998165801646128962231806623786354282720018605526597632593421849378501065075397491455078124 
217 47477838728798993737366211347809785771104829168099724831398899954145041153224055795165594658857068000465138164940814835546234462526626884937286376953124 
219 1186945968219974843434155283695244644277620729202493120784972498853626028830601394879139866471426700011628454123520370888655861563165672123432159423828124 
221 29673649205499371085853882092381116106940518230062328019624312471340650720765034871978496661785667500290711353088009272216396539079141803085803985595703124 
223 741841230137484277146347052309527902673512955751558200490607811783516268019125871799462416544641687507267783827200231805409913476978545077145099639892578124 
225 18546030753437106928658676307738197566837823893788955012265195294587906700478146794986560413616042187681694595680005795135247836924463626928627490997314453124 
227 463650768835927673216466907693454939170945597344723875306629882364697667511953669874664010340401054692042364892000144878381195923111590673215687274932861328124 
229 11591269220898191830411672692336373479273639933618096882665747059117441687798841746866600258510026367301059122300003621959529898077789766830392181873321533203124 
231 289781730522454795760291817308409336981840998340452422066643676477936042194971043671665006462750659182526478057500090548988247451944744170759804546833038330078124 
233 7244543263061369894007295432710233424546024958511310551666091911948401054874276091791625161568766479563161951437502263724706186298618604268995113670825958251953124 
235 181113581576534247350182385817755835613650623962782763791652297798710026371856902294790629039219161989079048785937556593117654657465465106724877841770648956298828124 
237 4527839539413356183754559645443895890341265599069569094791307444967750659296422557369765725980479049726976219648438914827941366436636627668121946044266223907470703124 
239 113195988485333904593863991136097397258531639976739227369782686124193766482410563934244143149511976243174405491210972870698534160915915691703048651106655597686767578124 
241 2829899712133347614846599778402434931463290999418480684244567153104844162060264098356103578737799406079360137280274321767463354022897892292576216277666389942169189453124 
243 70747492803333690371164994460060873286582274985462017106114178827621104051506602458902589468444985151984003432006858044186583850572447307314405406941659748554229736328124 
245 1768687320083342259279124861501521832164556874636550427652854470690527601287665061472564736711124628799600085800171451104664596264311182682860135173541493713855743408203124 
247 44217183002083556481978121537538045804113921865913760691321361767263190032191626536814118417778115719990002145004286277616614906607779567071503379338537342846393585205078124 
249 1105429575052088912049453038438451145102848046647844017283034044181579750804790663420352960444452892999750053625107156940415372665194489176787584483463433571159839630126953124 
251 27635739376302222801236325960961278627571201166196100432075851104539493770119766585508824011111322324993751340627678923510384316629862229419689612086585839278995990753173828124 
253 690893484407555570030908149024031965689280029154902510801896277613487344252994164637720600277783058124843783515691973087759607915746555735492240302164645981974899768829345703124 
255 17272337110188889250772703725600799142232000728872562770047406940337183606324854115943015006944576453121094587892299327193990197893663893387306007554116149549372494220733642578124 
257 431808427754722231269317593140019978555800018221814069251185173508429590158121352898575375173614411328027364697307483179849754947341597334682650188852903738734312355518341064453124 
259 10795210693868055781732939828500499463895000455545351731279629337710739753953033822464384379340360283200684117432687079496243873683539933367066254721322593468357808887958526611328124 
261 269880267346701394543323495712512486597375011388633793281990733442768493848825845561609609483509007080017102935817176987406096842088498334176656368033064836708945222198963165283203124 
263 6747006683667534863583087392812812164934375284715844832049768336069212346220646139040240237087725177000427573395429424685152421052212458354416409200826620917723630554974079132080078124 
265 168675167091688371589577184820320304123359382117896120801244208401730308655516153476006005927193129425010689334885735617128810526305311458860410230020665522943090763874351978302001953124 
267 4216879177292209289739429620508007603083984552947403020031105210043257716387903836900150148179828235625267233372143390428220263157632786471510255750516638073577269096858799457550048828124 
269 105421979432305232243485740512700190077099613823685075500777630251081442909697595922503753704495705890631680834303584760705506578940819661787756393762915951839431727421469986438751220703124 
271 2635549485807630806087143512817504751927490345592126887519440756277036072742439898062593842612392647265792020857589619017637664473520491544693909844072898795985793185536749660968780517578124 
273 65888737145190770152178587820437618798187258639803172187986018906925901818560997451564846065309816181644800521439740475440941611838012288617347746101822469899644829638418741524219512939453124 
275 1647218428629769253804464695510940469954681465995079304699650472673147545464024936289121151632745404541120013035993511886023540295950307215433693652545561747491120740960468538105487823486328124 
277 41180460715744231345111617387773511748867036649876982617491261816828688636600623407228028790818635113528000325899837797150588507398757680385842341313639043687278018524011713452637195587158203124 
279 1029511517893605783627790434694337793721675916246924565437281545420717215915015585180700719770465877838200008147495944928764712684968942009646058532840976092181950463100292836315929889678955078124 
281 25737787947340144590694760867358444843041897906173114135932038635517930397875389629517517994261646945955000203687398623219117817124223550241151463321024402304548761577507320907898247241973876953124 
283 643444698683503614767369021683961121076047447654327853398300965887948259946884740737937949856541173648875005092184965580477945428105588756028786583025610057613719039437683022697456181049346923828124 
285 16086117467087590369184225542099028026901186191358196334957524147198706498672118518448448746413529341221875127304624139511948635702639718900719664575640251440342975985942075567436404526233673095703124 
287 402152936677189759229605638552475700672529654783954908373938103679967662466802962961211218660338233530546878182615603487798715892565992972517991614391006286008574399648551889185910113155841827392578124 
289 10053823416929743980740140963811892516813241369598872709348452591999191561670074074030280466508455838263671954565390087194967897314149824312949790359775157150214359991213797229647752828896045684814453124 
291 251345585423243599518503524095297312920331034239971817733711314799979789041751851850757011662711395956591798864134752179874197432853745607823744758994378928755358999780344930741193820722401142120361328124 
293 6283639635581089987962588102382432823008275855999295443342782869999494726043796296268925291567784898914794971603368804496854935821343640195593618974859473218883974994508623268529845518060028553009033203124 
295 157090990889527249699064702559560820575206896399982386083569571749987368151094907406723132289194622472869874290084220112421373395533591004889840474371486830472099374862715581713246137951500713825225830078124 
297 3927274772238181242476617563989020514380172409999559652089239293749684203777372685168078307229865561821746857252105502810534334888339775122246011859287170761802484371567889542831153448787517845630645751953124 
299 98181869305954531061915439099725512859504310249988991302230982343742105094434317129201957680746639045543671431302637570263358372208494378056150296482179269045062109289197238570778836219687946140766143798828124 
301 2454546732648863276547885977493137821487607756249724782555774558593552627360857928230048942018665976138591785782565939256583959305212359451403757412054481726126552732229930964269470905492198653519153594970703124 
303 61363668316221581913697149437328445537190193906243119563894363964838815684021448205751223550466649403464794644564148481414598982630308986285093935301362043153163818305748274106736772637304966337978839874267578124 
305 1534091707905539547842428735933211138429754847656077989097359099120970392100536205143780588761666235086619866114103712035364974565757724657127348382534051078829095457643706852668419315932624158449470996856689453124 
307 38352292697638488696060718398330278460743871191401949727433977478024259802513405128594514719041655877165496652852592800884124364143943116428183709563351276970727386441092671316710482898315603961236774921417236328124 
309 958807317440962217401517959958256961518596779785048743185849436950606495062835128214862867976041396929137416321314820022103109103598577910704592739083781924268184661027316782917762072457890099030919373035430908203124 
311 23970182936024055435037948998956424037964919494626218579646235923765162376570878205371571699401034923228435408032870500552577727589964447767614818477094548106704616525682919572944051811447252475772984325885772705078124 
313 599254573400601385875948724973910600949122987365655464491155898094129059414271955134289292485025873080710885200821762513814443189749111194190370461927363702667615413142072989323601295286181311894324608147144317626953124 
315 14981364335015034646898718124347765023728074684141386612278897452353226485356798878357232312125646827017772130020544062845361079743727779854759261548184092566690385328551824733090032382154532797358115203678607940673828124 
317 374534108375375866172467953108694125593201867103534665306972436308830662133919971958930807803141170675444303250513601571134026993593194496368981538704602314167259633213795618327250809553863319933952880091965198516845703124 
319 9363352709384396654311698827717353139830046677588366632674310907720766553347999298973270195078529266886107581262840039278350674839829862409224538467615057854181490830344890458181270238846582998348822002299129962921142578124 
321 234083817734609916357792470692933828495751166939709165816857772693019163833699982474331754876963231672152689531571000981958766870995746560230613461690376446354537270758622261454531755971164574958720550057478249073028564453124 
323 5852095443365247908944811767323345712393779173492729145421444317325479095842499561858293871924080791803817238289275024548969171774893664005765336542259411158863431768965556536363293899279114373968013751436956226825714111328124 
325 146302386084131197723620294183083642809844479337318228635536107933136977396062489046457346798102019795095430957231875613724229294372341600144133413556485278971585794224138913409082347481977859349200343785923905670642852783203124 
327 3657559652103279943090507354577091070246111983432955715888402698328424434901562226161433669952550494877385773930796890343105732359308540003603335338912131974289644855603472835227058687049446483730008594648097641766071319580078124 
329 91438991302581998577262683864427276756152799585823892897210067458210610872539055654035841748813762371934644348269922258577643308982713500090083383472803299357241121390086820880676467176236162093250214866202441044151782989501953124 
331 2285974782564549964431567096610681918903819989645597322430251686455265271813476391350896043720344059298366108706748056464441082724567837502252084586820082483931028034752170522016911679405904052331255371655061026103794574737548828124 
333 57149369564113749110789177415267047972595499741139933060756292161381631795336909783772401093008601482459152717668701411611027068114195937556302114670502062098275700868804263050422791985147601308281384291376525652594864368438720703124 
335 1428734239102843727769729435381676199314887493528498326518907304034540794883422744594310027325215037061478817941717535290275676702854898438907552866762551552456892521720106576260569799628690032707034607284413141314871609210968017578124 
337 35718355977571093194243235884541904982872187338212458162972682600863519872085568614857750683130375926536970448542938382256891917571372460972688821669063788811422313043002664406514244990717250817675865182110328532871790230274200439453124 
339 892958899439277329856080897113547624571804683455311454074317065021587996802139215371443767078259398163424261213573459556422297939284311524317220541726594720285557826075066610162856124767931270441896629552758213321794755756855010986328124 
341 22323972485981933246402022427838690614295117086382786351857926625539699920053480384286094176956484954085606530339336488910557448482107788107930513543164868007138945651876665254071403119198281761047415738818955333044868893921375274658203124 
343 558099312149548331160050560695967265357377927159569658796448165638492498001337009607152354423912123852140163258483412222763936212052694702698262838579121700178473641296916631351785077979957044026185393470473883326121722348034381866455078124 
345 13952482803738708279001264017399181633934448178989241469911204140962312450033425240178808860597803096303504081462085305569098405301317367567456570964478042504461841032422915783794626949498926100654634836761847083153043058700859546661376953124 
347 348812070093467706975031600434979540848361204474731036747780103524057811250835631004470221514945077407587602036552132639227460132532934189186414274111951062611546025810572894594865673737473152516365870919046177078826076467521488666534423828124 
349 8720301752336692674375790010874488521209030111868275918694502588101445281270890775111755537873626935189690050913803315980686503313323354729660356852798776565288650645264322364871641843436828812909146772976154426970651911688037216663360595703124 
351 218007543808417316859394750271862213030225752796706897967362564702536132031772269377793888446840673379742251272845082899517162582833083868241508921319969414132216266131608059121791046085920720322728669324403860674266297792200930416584014892578124 
353 5450188595210432921484868756796555325755643819917672449184064117563403300794306734444847211171016834493556281821127072487929064570827096706037723032999235353305406653290201478044776152148018008068216733110096516856657444805023260414600372314453124 
355 136254714880260823037121718919913883143891095497941811229601602939085082519857668361121180279275420862338907045528176812198226614270677417650943075824980883832635166332255036951119403803700450201705418327752412921416436120125581510365009307861328124 
357 3406367872006520575928042972997847078597277387448545280740040073477127062996441709028029506981885521558472676138204420304955665356766935441273576895624522095815879158306375923777985095092511255042635458193810323035410903003139537759125232696533203124 
359 85159196800163014398201074324946176964931934686213632018501001836928176574911042725700737674547138038961816903455110507623891633919173386031839422390613052395396978957659398094449627377312781376065886454845258075885272575078488443978130817413330078124 
361 2128979920004075359955026858123654424123298367155340800462525045923204414372776068142518441863678450974045422586377762690597290847979334650795985559765326309884924473941484952361240684432819534401647161371131451897131814376962211099453270435333251953124 
363 53224498000101883998875671453091360603082459178883520011563126148080110359319401703562961046591961274351135564659444067264932271199483366269899638994133157747123111848537123809031017110820488360041179034278286297428295359424055277486331760883331298828124 
365 1330612450002547099971891786327284015077061479472088000289078153702002758982985042589074026164799031858778389116486101681623306779987084156747490974853328943678077796213428095225775427770512209001029475856957157435707383985601381937158294022083282470703124 
367 33265311250063677499297294658182100376926536986802200007226953842550068974574626064726850654119975796469459727912152542040582669499677103918687274371333223591951944905335702380644385694262805225025736896423928935892684599640034548428957350552082061767578124 
369 831632781251591937482432366454552509423163424670055000180673846063751724364365651618171266352999377892132316295037242573293310948802711470979393639949367946519646578832097316843922150550872014538275670638468398494451116239511205628981770226091350181784972292 
371 20790819531289798437060809161363812735579085616751375004516846151593793109109141290454281658824984872793412329945095338775364168437298189949179546482083264744969965565834813987902741058914253265641085560264955584932927874775021592768098344095051288604736328124 
373 519770488282244960926520229034095318389477140418784375112921153789844827727728532261357041470624621819835308248627383469384104210932454748729488662052081618624249139145870349697568526472856331641027139006623889623323196869375539819202458602376282215118408203124 
375 12994262207056124023163005725852382959736928510469609377823028844746120693193213306533926036765615545495882706215684586734602605273311368718237216551302040465606228478646758742439213161821408291025678475165597240583079921734388495480061465059407055377960205078124 
385 126897091865782461163701227791527177341180942485054779080303016061973834894464973696620371452789214311483229552887544792330103567122181335139035317883808988921935824986784753344132941033412190342047641359039035552569139860687387651172475244720772025175392627716064453124 
395 1239229412751781847301769802651632591222470141455613076956084141230213231391259508756058314968644671010578413602417429612598667647677552100967141776209072157440779540886569856876298252279415921309058997646865581568058006452025270030981203561726289308353443630039691925048828124 
405 12101849733904119602556345729019849523656934975152471454649259191701301087805268640195881982115670615337679820336107711060533863746851094736007243908291720287507612703970408758557600119916171106533779273895171695000566469258059277646300816032483294026889097949606366455554962158203124 
415 118182126307657417993714313759959468004462255616723354049309171793958018435598326564412909981598345852907029495469801865825526013152842722031320741291911330932691530312211023032789063671056358462243938221632536083989906926348235133264656406567219668231338847164124672417528927326202392578124 
425 1154122327223216972594866345312104179731076715007064004387784880800371273785139907855594824039046346219795209916697283845952402472195729707337116614178821591139565725705185771804580699912659750607850959195630235195213934827619483723287660220383004572571668429337155004077430930919945240020751953124 
435 11270725851789228247996741653438517380186296044990859417849461726566125720558006912652293203506311974802687596842746912558128930392536422923214029435340054600972321540089704802779108397584567877029794523394826515578261082300971520735231056839677779029020199505245654336693661434765090234577655792236328124 
445 110065682146379182109343180209360521290881797314363861502436149673497321489824286256370050815491327878932496062917450317950477835864613505109512006204492720712620327539938523464639730445161795674119087142527602691193955881845425007179990789449978310830275385793414593131774037448877834322047419846057891845703124 
455 1074860177210734200286554494232036340731267551898084584984728024155247280174065295472363777495032498817700156864428225761235135115865366260835078185590749225709182886132212143209372367628533160880069210376246120031190975408646728585742097553222444441701908064388814386052480834461697600801244334434159100055694580078124 
465 10496681418073576174673383732734729889953784686504732275241484610891086720449856401097302514599926746266603094379181892199561866365872717390967560406159660407316239122384884211029027027622394149219425882580528515929599369225065708845137671418187934000995195941297015488793758149040015632824651703458584961481392383575439453124 
475 102506654473374767330794763014987596581579928579147776125405123153233268754393128916965844869139909631509795843546698166011346351229225755771167582091402933665197647679539884873330342066624942863470955884575473788374993840088532312940797572443241542978468710364228666882751544424218902664303239291587743764466722495853900909423828124 
485 1001041547591550462214792607568238247866991490030740001224659405793293640179620399579744578800194429995212850034635724277454554211222907771202808418861356774074195778120506688216116621744384207651083553560307361214599549219614573368562476293391030693149108499650670575026870551017762721331086321206911560199870336873573251068592071533203124 
495 9775796363198734982566334058283576639326088769831445324459564509700133204879105464645943152345648730422000488619489494897017130968973708703152425965442937246818318145708073127110513884222502027842612827737376574361323722847798568052367932552646784112784262691901079834246782724782839075498889855536245705076858758530988779966719448566436767578124 
505 95466761359362646314124356037925553118418835642885208246675434665040363328897514303183038597125475883027348521674702098603682919618883874054222909818778684050960138141680401631938612150610371365650515895872818108997301980935532891136405591334441251101408815350596482756316237546707412846668846245471149463641198813779187304362494614906609058380126953124 
515 932292591400025842911370664432866729672058941825050861783939791650784798133764788117021861300053475420188950406979512681676591011903162832560770603699010586435157599039847672186900509283304407867680819295632989345676777157573563390003960852875402842787195462408168776917150757292064578580750451615929193980871082165812376019164986473697354085743427276611328124 
525 9104419837890877372181354144852214156953700603760262322108787027839695294275046758955291614258334720900282718818159303531997959100616824536726275426748150258155835928123512423700200285969769608082820500933915911578874776929429329980507430203861355886593705687579773212081550364180318150202641129061808534969444161775511484562158071032200723493588156998157501220703124 
535 88910349979403099337708536570822403876500982458596311739343623318747024358154753505422769670491550008791823425958586948554667569341961177116467533464337404864803085235581176012697268417673531328933793954432772574012448993451458300590892873084583553580016657105271222774233890275198419435572667275994223974310978142338979341427324912423835190367071845685131847858428955078124 
545 868265136517608391969809927449437537856454906822229606829527571472138909747605014701394235063394043054607650644126825669479175481855089620278003256487669969382842629253722421998996761891343079384119081586257544668090322201674397466707938213716636265429850167043664284904627834718734564800514328867131093499130645921279095131126219847889015530928435993018865701742470264434814453124 
555 8479151723804769452830175072748413455629442449435836004194605190157606540503955221693303076790957451705152838321551031928507573064991109573027375551637402044754322551305883027333952752845147259610537906115796334649319552750726537760819709118326526029588380537535784032271756198425142234380022742843077084952447714074991163389904490702041167294223007744324860368578811176121234893798828124 
565 82804216052780951687794678444808725152631273920271835978462941310132876372108937711848662859286693864308133186733896796176831768212803804424095464371459004343303931165096513938808132352003391207134159239412073580559761257331313845320504971858657480757699028686872890940153869125245529632617409598076924657738747207763585579979536042012120774357646560003172464536902452891808934509754180908203124 
575 808634922390438981326119906687585206568664784377654648227177161231766370821376344842272098235221619768634113151698210900164372736453162152579057269252529339290077452784145643933673167500033117257169523822383531060153918528626111770708056365807201960524404577020243075587440128176225875318529390606219967360729953200816265429487656660274616937086392187530981098993188016521571626071818172931671142578124 
585 7896825413969130677012889713745949282897117034938033674093526965153968465052503367600313459328336130553067511247052840821917702504425411646279856145044231829004662624845172304039777026367510910714546131077964170509315610631114372760820862947335956645746138447463311285033595001720955813657513580138866868757128449226721342084840397072994306026234298706357237294855351723843472910857599345035851001739501953124 
595 77117435683292291767704001110800285965792158544316735098569599269081723291528353199221811126253282524932299914522000398651540063519779410608201720166447576455123658445753635781638447523120223737446739561308243852630035260069476296492391239720077701618614633276008899267906201188681209117749156056043621765206332511979700606297269502665960019787444323304269895457571794178158915145093743603865732438862323760986328124 
605 753099957844651286793984385847659042634689048284343116196968742862126204018831574211150499279817212157541991352753910143081445932810345806720719923500464613819566977009312849430062964092970934936003316028400818873340188086615979457933508200391383804869283528086024406913146495983214932790519102109800993800843090937301763733371772486972265818236760969768260697827849552521083155713806089881501293348264880478382110595703124 
615 7354491775826672722597503768043545338229385237151788244111022879512951211121402091905766594529464962475996009304237403741029745437601033268757030502934224744331708759856570795215458633720419286484407383089851746809962774283359174393881916019447107469426596953965082098761196249836083328032413106541025330086358309934587536458708715693088533381218368845393170877225093286338702692517637596499036067854149223421700298786163330078124 
625 71821208748307350806616247734800247443646340206560432071396707807743664171107442303767251899701806274179648528361693395908493607789072590515205376005217038518864343357974324172025963219925969594574290850486833464941042717610929437440253086127413158881119110878565254870714807127305501250316534243564700489124592870454956410729577301690317708800960633255792684347901301624401393481617554653310899100138176009977541980333626270294189453124 
635 701378991682688972720861794285158666441858791079691719447233474684996720420971116247727069333025451896285630159782162069418882888565162016750052500050947641785784603105218009492441047069589546822014559086785483056064870289169232787502471544213019129698428817173488817096824288352592785647622404722311528214107352250536683698531028336819508875009381184138600433084973648675794858218921432161239249024786875097436933401695569045841693878173828124 
645 6849404215651259499227165959816002601971277256637614447726889401220671097861046057106709661455326678674664357029122676459168778208644160319824731445810035564314302764699394623949619600288960418183735928581889482969383498917668288940453823673955264938461218917709851729461174690943288922340062546116323517715892111821647301743467073601753016357513488126353519854345445787849559162294154610949602041257684327123407552750933291463297791779041290283203124 
655 66888713043469331047140292576328150409875754459351703591082904308795616190049277901432711537649674596432269111612526137296570099693790628123288393025488628557756862936517525624508003909071879083825546177557514482122885731617854384184119371815969384164660340993260270795519284091243055882227173301917221852694258904508274431088545640642119300366342657483921092327592244021968351194278853622554707434157073507064526882333332924446267497842200100421905517578124 
665 653210088315130186007229419690704593846442914642106480381668987390582189355949979506178823609860103480783878043091075559536817379822174102766488213139537388259344364614428961176835975674530069177983849390210102364481305972830609220548040740390326017233011142512307331987493008703545467599874739276535369655217372114338617491099078521895696292640065014491416917261643008027034679631629429907760814786690170967427020335286454340295581033615235355682671070098876953124 
675 6379004768702443222726849801667037049281669088301821097477236204986154192929199018615027574315040073054530059014561284761101732224825918972328986456440794807220159810687782823992538824946582706816248529201270530903137753640923918169414460355374277512041124438596751288940361413120561207030026750747415719289232149554088061436514438690387659107813134907142743332633232500264010543277631151442976706901271200853779495461781780666949033531398782770338584668934345245361328124 
685 62294968444359797096941892594404658684391299690447471655051134814317912040324209166162378655420313213423145107564075046495134103758065614964150258363679636789259373151247879140552136962368971746252427042981157528350954625399647638373188089407951928828526605845671399306058216925005480537402604987767731633683907710489141224965961315335816983474737645577565852857746411135390727961695616713310319403332726570837690385368962701825674155580066237991587740907561965286731719970703124 
695 608349301214451143524823169867232994964758786039526090381358738421073359768791105138304479056838996224835401441055420375929043982012359521134279866832808953020111065930155069731954462523134489709496357841612866487802291263668433968488164935624530554966080135211634758848224774658256645873072314333669254235194411235245519775058215970076337729245484820093416531813929796244050077750933756965921087923171157918336820169618776385016349175586584355386599032300409817253239452838897705078124 
705 5940911144672374448484601268234697216452722519917246976380456429893294528992100636116254678289443322508158217197806839608682070136839448448576951824539149931837022128224170602851117798077485251069300369547000649294944250621762050473517235699458306200840626320426120691877195065022037557354221819664738810890570422219194529053302890332776735637162937696224770818495408166445801540536462470370323124249718339046258009468933363134925284917837737845572256174808689621613666531629860401153564453124 
715 58016710397191156723482434260104465004421118358566865003715394823176704384688482774572799592670344946368732589822332418053535841180072738755634295161515136053095919220939166043467947246850441904973636421357428215770939947478145024155441754877522521492584241410411334881613233056855835521037322457663464950103226779484321572786161038406022808956669313439695027524369220375447280669301391312210186760251155654748613373720052374364504735525759158648166564207116109586070962222947855480015277862548828124 
725 566569437472569889877758147071332666058799983970379541051908152570085003756723464595437496022171337366882154197483715020054060949024147839410491163686671250518514836141984043393241672332523846728258168177318634919638085424591260001517985887475805873951017982523548192203254229070857768760130102125619774903351824018401577859239853890683816493717473764059521753167668167728977350286146399533302605080577691940904427477734886468403366557868741783673501603585118257676474240458475151172024197876453399658203124 
735 5532904662818065330837481904993483066980468593460737705585040552442236364811752583939819297091516966473458537084801904492715438955313943744243077770377648930844871446699062923762125706372303190705646173606627294137090677974524023452324080932380916737802909985581525314484904580770095398048145528570505614290545156429702908781639198151209145446459704727143767120778009450478294436388148432942408252740016522860394799587254750668001626541686931481186539097510920485121818754477296398164298807387240231037139892578124 
745 54032272097832669246459784228451983075981138608015016656103911644943714500114771327537297823159345375717368526218768598561674208547987731877373806351344227840281947721670536364864508851292023346734825914127219669307526152094961166526602352855282390017606542827944583149266646296582962871563921177446343889556105043258817468570695294445401811000583053976013350788847748539827094105353012040453205593164223856058542964719284674492203384196161440245962295874130082862517761274192347638323230540891017881222069263458251953124 