1 2 
3 26 
5 242 
7 2186 
9 19682 
11 177146 
13 1594322 
15 14348906 
17 129140162 
19 1162261466 
21 10460353202 
23 94143178826 
25 847288609442 
27 7625597484986 
29 68630377364882 
31 617673396283946 
33 5559060566555522 
35 50031545098999706 
37 450283905890997362 
39 4052555153018976266 
41 36472996377170786402 
43 328256967394537077626 
45 2954312706550833698642 
47 26588814358957503287786 
49 239299329230617529590082 
51 2153693963075557766310746 
53 19383245667680019896796722 
55 174449211009120179071170506 
57 1570042899082081611640534562 
59 14130386091738734504764811066 
61 127173474825648610542883299602 
63 1144561273430837494885949696426 
65 10301051460877537453973547267842 
67 92709463147897837085761925410586 
69 834385168331080533771857328695282 
71 7509466514979724803946715958257546 
73 67585198634817523235520443624317922 
75 608266787713357709119683992618861306 
77 5474401089420219382077155933569751762 
79 49269609804781974438694403402127765866 
81 443426488243037769948249630619149892802 
83 3990838394187339929534246675572349035226 
85 35917545547686059365808220080151141317042 
87 323257909929174534292273980721360271853386 
89 2909321189362570808630465826492242446680482 
91 26183890704263137277674192438430182020124346 
93 235655016338368235499067731945871638181119122 
95 2120895147045314119491609587512844743630072106 
97 19088056323407827075424486287615602692670648962 
99 171792506910670443678820376588540424234035840666 
101 1546132562196033993109383389296863818106322566002 
103 13915193059764305937984450503671774362956903094026 
105 125236737537878753441860054533045969266612127846242 
107 1127130637840908780976740490797413723399509150616186 
109 10144175740568179028790664417176723510595582355545682 
111 91297581665113611259115979754590511595360241199911146 
113 821678234986022501332043817791314604358242170799200322 
115 7395104114874202511988394360121831439224179537192802906 
117 66555937033867822607895549241096482953017615834735226162 
119 599003433304810403471059943169868346577158542512617035466 
121 5391030899743293631239539488528815119194426882613553319202 
123 48519278097689642681155855396759336072749841943521979872826 
125 436673502879206784130402698570834024654748577491697818855442 
127 3930061525912861057173624287137506221892737197425280369698986 
129 35370553733215749514562618584237555997034634776827523327290882 
131 318334983598941745631063567258138003973311712991447709945617946 
133 2865014852390475710679572105323242035759805416923029389510561522 
135 25785133671514281396116148947909178321838248752307264505595053706 
137 232066203043628532565045340531182604896544238770765380550355483362 
139 2088595827392656793085408064780643444068898148936888424953199350266 
141 18797362446533911137768672583025790996620083340431995824578794152402 
143 169176262018805200239918053247232118969580750063887962421209147371626 
145 1522586358169246802159262479225089070726226750574991661790882326344642 
147 13703277223523221219433362313025801636536040755174924956117940937101786 
149 123329495011708990974900260817232214728824366796574324605061468433916082 
151 1109965455105380918774102347355089932559419301169168921445553215905244746 
153 9989689095948428268966921126195809393034773710522520293009978943147202722 
155 89907201863535854420702290135762284537312963394702682637089810488324824506 
157 809164816771822689786320611221860560835816670552324143733808294394923420562 
159 7282483350946404208076885500996745047522350034970917293604274649554310785066 
161 65542350158517637872691969508970705427701150314738255642438471845988797065602 
163 589881151426658740854227725580736348849310352832644300781946246613899173590426 
165 5308930362839928667688049530226627139643793175493798707037516219525092562313842 
167 47780373265559358009192445772039644256794138579444188363337645975725833060824586 
169 430023359390034222082732011948356798311147247214997695270038813781532497547421282 
171 3870210234510307998744588107535211184800325224934979257430349324033792477926791546 
173 34831892110592771988701292967816900663202927024414813316873143916304132301341123922 
175 313487028995334947898311636710352105968826343219733319851858295246737190712070115306 
177 2821383260958014531084804730393168953719437088977599878666724657220634716408631037762 
179 25392449348622130779763242573538520583474933800798398908000521914985712447677679339866 
181 228532044137599177017869183161846685251274404207185590172004697234871412029099114058802 
183 2056788397238392593160822648456620167261469637864670311548042275113842708261892026529226 
185 18511095575145533338447403836109581505353226740782032803932380476024584374357028238763042 
187 166599860176309800046026634524986233548179040667038295235391424284221259369213254148867386 
189 1499398741586788200414239710724876101933611366003344657118522818557991334322919287339806482 
191 13494588674281093803728157396523884917402502294030101914066705367021922008906273586058258346 
193 121451298068529844233553416568714964256622520646270917226600348303197298080156462274524325122 
195 1093061682616768598101980749118434678309602685816438255039403134728775682721408160470718926106 
197 9837555143550917382917826742065912104786424172347944295354628212558981144492673444236470334962 
199 88537996291958256446260440678593208943077817551131498658191653913030830300434060998128233014666 
201 796841966627624308016343966107338880487700357960183487923724885217277472703906548983154097132002 
203 7171577699648618772147095694966049924389303221641651391313523966955497254335158940848386874188026 
205 64544199296837568949323861254694449319503728994774862521821715702599475289016430467635481867692242 
207 580897793671538120543914751292250043875533560952973762696395441323395277601147874208719336809230186 
209 5228080143043843084895232761630250394879802048576763864267558971910557498410330867878474031283071682 
211 47052721287394587764057094854672253553918218437190874778408030747195017485692977810906266281547645146 
213 423474491586551289876513853692050281985263965934717873005672276724755157371236800298156396533928806322 
215 3811270424278961608888624683228452537867375693412460857051050490522796416341131202683407568805359256906 
217 34301433818510654479997622149056072840806381240712147713459454414705167747070180824150668119248233312162 
219 308712904366595890319978599341504655567257431166409329421135089732346509723631627417356013073234099809466 
221 2778416139299363012879807394073541900105316880497683964790215807591118587512684646756204117659106898285202 
223 25005745253694267115918266546661877100947851924479155683111942268320067287614161820805837058931962084566826 
225 225051707283248404043264398919956893908530667320312401148007480414880605588527456387252533530387658761101442 
227 2025465365549235636389379590279612045176776005882811610332067323733925450296747107485272801773488928849912986 
229 18229188289943120727504416312516508406590984052945304492988605913605329052670723967367455215961400359649216882 
231 164062694609488086547539746812648575659318856476507740436897453222447961474036515706307096943652603236842951946 
233 1476564251485392778927857721313837180933869708288569663932077079002031653266328641356763872492873429131586567522 
235 13289078263368535010350719491824534628404827374597126975388693711018284879396957772210874852435860862184279107706 
237 119601704370316815093156475426420811655643446371374142778498243399164563914572619949897873671922747759658511969362 
239 1076415339332851335838408278837787304900791017342367285006484190592481075231153579549080863047304729836926607724266 
241 9687738053995662022545674509540085744107119156081305565058357715332329677080382215941727767425742568532339469518402 
243 87189642485960958202911070585860771696964072404731750085525219437990967093723439943475549906831683116791055225665626 
245 784706782373648623826199635272746945272676651642585750769726974941918703843510959491279949161485148051119497030990642 
247 7062361041362837614435796717454722507454089864783271756927542774477268334591598635421519542453366332460075473278915786 
249 63561249372265538529922170457092502567086808783049445812347884970295415011324387718793675882080296992140679259510242082 
251 572051244350389846769299534113832523103781279047445012311130964732658735101919489469143082938722672929266113335592178746 
253 5148461199153508620923695807024492707934031511427005110800178682593928615917275405222287746448504056363395020020329608722 
255 46336150792381577588313262263220434371406283602843045997201608143345357543255478647000589718036536507270555180182966478506 
257 417025357131434198294819360368983909342656552425587413974814473290108217889299307823005307462328828565434996621646698306562 
259 3753228214182907784653374243320855184083908971830286725773330259610973961003693770407047767160959457088914969594820284759066 
261 33779053927646170061880368189887696656755180746472580531959972336498765649033243933663429904448635113800234726353382562831602 
263 304011485348815530556923313708989269910796626718253224787639751028488890841299195402970869140037716024202112537180443065484426 
265 2736103368139339775012309823380903429197169640464279023088757759256400017571692758626737822260339444217819012834623987589359842 
267 24624930313254057975110788410428130862774526764178511207798819833307600158145234827640640400343054997960371115511615888304238586 
269 221624372819286521775997095693853177764970740877606600870189378499768401423307113448765763603087494981643340039604542994738147282 
271 1994619355373578695983973861244678599884736667898459407831704406497915612809764021038891872427787454834790060356440886952643325546 
273 17951574198362208263855764751202107398962630011086134670485339658481240515287876189350026851850087093513110543207967982573789929922 
275 161564167785259874374701882760818966590663670099775212034368056926331164637590885704150241666650783841617994888871711843164109369306 
277 1454077510067338869372316944847370699315973030897976908309312512336980481738317971337352174999857054574561953999845406588476984323762 
279 13086697590606049824350852503626336293843757278081792174783812611032824335644861742036169574998713491171057585998608659296292858913866 
281 117780278315454448419157672532637026644593815502736129573054313499295419020803755678325526174988421420539518273987477933666635730224802 
283 1060022504839090035772419052793733239801344339524625166157488821493658771187233801104929735574895792784855664465887301402999721572023226 
285 9540202543551810321951771475143599158212099055721626495417399393442928940685104209944367620174062135063700980192985712626997494148209042 
287 85861822891966292897565943276292392423908891501494638458756594540986360466165937889499308581566559215573308821736871413642977447333881386 
289 772756406027696636078093489486631531815180023513451746128809350868877244195493441005493777234099032940159779395631842722786797026004932482 
291 6954807654249269724702841405379683786336620211621065715159284157819895197759440969049443995106891296461438014560686584505081173234044392346 
293 62593268888243427522325572648417154077029581904589591436433557420379056779834968721444995955962021668152942131046179260545730559106399531122 
295 563339419994190847700930153835754386693266237141306322927902016783411511018514718493004963603658195013376479179415613344911575031957595780106 
297 5070054779947717629308371384521789480239396134271756906351118151050703599166632466437044672432923755120388312614740520104204175287618362020962 
299 45630493019529458663775342460696105322154565208445812157160063359456332392499692197933402051896313796083494813532664680937837577588565258188666 
301 410674437175765127973978082146264947899391086876012309414440570235106991532497229781400618467066824164751453321793982128440538198297087323698002 
303 3696069934581886151765802739316384531094519781884110784729965132115962923792475068032605566203601417482763079896145839155964843784673785913282026 
305 33264629411236975365892224653847460779850678036956997062569686189043666314132275612293450095832412757344867719065312552403683594062064073219538242 
307 299381664701132778293030021884627147018656102332612973563127175701392996827190480510641050862491714816103809471587812971633152346558576658975844186 
309 2694434982310195004637270196961644323167904920993516762068144581312536971444714324595769457762425433344934285244290316744698371119027189930782597682 
311 24249914840791755041735431772654798908511144288941650858613301231812832743002428921361925119861828900104408567198612850702285340071244709377043379146 
313 218249233567125795375618885953893190176600298600474857727519711086315494687021860292257326078756460100939677104787515656320568060641202384393390412322 
315 1964243102104132158380569973585038711589402687404273719547677399776839452183196742630315934708808140908457093943087640906885112545770821459540513710906 
317 17678187918937189425425129762265348404304624186638463475929096597991555069648770683672843412379273268176113845487788768161966012911937393135864623398162 
319 159103691270434704828826167860388135638741617679746171283361869381923995626838936153055590711413459413585024609390098913457694116207436538222781610583466 
321 1431933221433912343459435510743493220748674559117715541550256824437315960641550425377500316402721134722265221484510890221119247045866928844005034495251202 
323 12887398992905211091134919596691438986738071032059439873952311419935843645773953828397502847624490212500386993360598011990073223412802359596045310457260826 
325 115986590936146899820214276370222950880642639288534958865570802779422592811965584455577525628620411912503482940245382107910659010715221236364407794115347442 
327 1043879318425322098381928487332006557925783753596814629790137225014803335307690260100197730657583707212531346462208438971195931096436991127279670147038126986 
329 9394913865827898885437356385988059021332053782371331668111235025133230017769212340901779575918253364912782118159875950740763379867932920145517031323343142882 
331 84554224792451089968936207473892531191988484041341985013001115226199070159922911068116016183264280284215039063438883556666870418811396281309653281910088285946 
333 760988023132059809720425867265032780727896356372077865117010037035791631439306199613044145649378522557935351570949952010001833769302566531786879537190794573522 
335 6848892208188538287483832805385295026551067207348700786053090333322124682953755796517397310844406703021418164138549568090016503923723098786081915834717151161706 
337 61640029873696844587354495248467655238959604866138307074477812999899122146583802168656575797599660327192763477246946112810148535313507889074737242512454360455362 
339 554760268863271601286190457236208897150636443795244763670300316999092099319254219517909182178396942944734871295222515015291336817821571001672635182612089244098266 
341 4992842419769444411575714115125880074355727994157202873032702852991828893873287975661182639605572486502613841657002635137622031360394139015053716643508803196884402 
343 44935581777924999704181427036132920669201551947414825857294325676926460044859591780950643756450152378523524574913023716238598282243547251135483449791579228771959626 
345 404420236001324997337632843325196286022813967526733432715648931092338140403736326028555793808051371406711721174217213446147384540191925260219351048124213058947636642 
347 3639782124011924976038695589926766574205325707740600894440840379831043263633626934257002144272462342660405490567954921015326460861727327341974159433117917530528729786 
349 32758039116107324784348260309340899167847931369665408049967563418479389372702642408313019298452161083943649415111594289137938147755545946077767434898061257774758568082 
351 294822352044965923059134342784068092510631382326988672449708070766314504354323781674817173686069449755492844736004348602241443329799913514699906914082551319972827112746 
353 2653401168404693307532209085056612832595682440942898052047372636896830539188914035073354563174625047799435602624039137420172989968199221632299162226742961879755444014722 
355 23880610515642239767789881765509515493361141968486082468426353732071474852700226315660191068571625430194920423616352236781556909713792994690692460040686656917798996132506 
357 214925494640780157910108935889585639440250277716374742215837183588643273674302036840941719617144628871754283812547170131034012187424136952216232140366179912260190965192562 
359 1934329451767021421190980423006270754962252499447372679942534652297789463068718331568475476554301659845788554312924531179306109686817232569946089263295619210341718686733066 
361 17408965065903192790718823807056436794660272495026354119482811870680105167618464984116279288988714938612096988816320780613754987181355093129514803369660572893075468180597602 
363 156680685593128735116469414263507931151942452455237187075345306836120946508566184857046513600898434447508872899346887025523794884632195838165633230326945156037679213625378426 
365 1410126170338158616048224728371571380367482072097134683678107761525088518577095663713418622408085910027579856094121983229714153961689762543490699072942506404339112922628405842 
367 12691135533043427544434022555344142423307338648874212153102969853725796667193860973420767601672773190248218704847097849067427385655207862891416291656482557639052016303655652586 
369 114220219797390847899906202998097281809766047839867909377926728683532170004744748760786908415054958712233968343623880641606846470896870766022746624908343018751468146732900873282 
371 1027981978176517631099155826982875536287894430558811184401340558151789530042702738847082175735494628410105715092614925774461618238071836894204719624175087168763213320596107859546 
373 9251837803588658679892402442845879826591049875029300659612065023366105770384324649623739581619451655690951435833534331970154564142646532047842476617575784518868919885364970735922 
375 83266540232297928119031621985612918439319448875263705936508585210294951933458921846613656234575064901218562922501808987731391077283818788430582289558182060669820278968284736623306 
377 749398862090681353071284597870516265953875039877373353428577266892654567401130296619522906111175584110967066302516280889582519695554369095875240606023638546028382510714562629609762 
379 6744589758816132177641561380834646393584875358896360180857195402033891106610172669575706155000580256998703596722646528006242677259989321862877165454212746914255442596431063666487866 
381 60701307829345189598774052427511817542263878230067241627714758618305019959491554026181355395005222312988332370503818752056184095339903896765894489087914722228298983367879572998390802 
383 546311770464106706388966471847606357880374904070605174649432827564745179635423986235632198555047000816894991334534368768505656858059135070893050401791232500054690850310916156985517226 
385 4916805934176960357500698246628457220923374136635446571844895448082706616718815876120689786995423007352054922010809318916550911722532215638037453616121092500492217652798245412869655042 
387 44251253407592643217506284219656114988310367229719019146604059032744359550469342885086208082958807066168494298097283870248958205502789940742337082545089832504429958875184208715826895386 
389 398261280668333788957556557976905034894793305067471172319436531294699235954224085965775872746629263595516448682875554832240623849525109466681033742905808492539869629876657878442442058482 
391 3584351526015004100618009021792145314053139745607240550874928781652293123588016773691982854719663372359648038145879993490165614645725985200129303686152276432858826668889920905981978526346 
393 32259163734135036905562081196129307826478257710465164957874359034870638112292150963227845692476970351236832343312919941411490531811533866801163733175370487895729440020009288153837806737122 
395 290332473607215332150058730765163770438304319394186484620869231313835743010629358669050611232292733161131491089816279472703414786303804801210473598578334391061564960180083593384540260634106 
397 2612992262464937989350528576886473933944738874547678361587823081824521687095664228021455501090634598450183419808346515254330733076734243210894262387205009519554084641620752340460862345706962 
399 23516930362184441904154757191978265405502649870929105254290407736420695183860978052193099509815711386051650778275118637288976597690608188898048361484845085675986761774586771064147761111362666 
401 211652373259659977137392814727804388649523848838361947288613669627786256654748802469737895588341402474464857004476067735600789379215473700082435253363605771083880855971280939577329850002264002 
403 1904871359336939794236535332550239497845714639545257525597523026650076309892739222227641060295072622270183713040284609620407104412939263300741917280272451939754927703741528456195968650020376026 
405 17143842234032458148128817992952155480611431755907317730377707239850686789034653000048769542655653600431653417362561486583663939716453369706677255522452067457794349333673756105763717850183384242 
407 154294580106292123333159361936569399325502885803165859573399365158656181101311877000438925883900882403884880756263053379252975457448080327360095299702068607120149144003063804951873460651650458186 
409 1388651220956629109998434257429124593929525972228492736160594286427905629911806893003950332955107941634963926806367480413276779117032722946240857697318617464081342296027574244566861145864854123682 
411 12497860988609661989985908316862121345365733750056434625445348577851150669206262037035552996595971474714675341257307323719491012053294506516167719275867557176732080664248168201101750312783687113146 
413 112480748897486957909873174851759092108291603750507911629008137200660356022856358333319976969363743272432078071315765913475419108479650558645509473482808014590588725978233513809915752815053184018322 
415 1012326740077382621188858573665831828974624433754571204661073234805943204205707224999879792724273689451888702641841893221278771976316855027809585261345272131315298533804101624289241775335478656164906 
417 9110940660696443590699727162992486460771619903791140841949659113253488837851365024998918134518463205066998323776577038991508947786851695250286267352107449181837686804236914618603175978019307905484162 
419 81998465946267992316297544466932378146944579134120267577546932019281399540662285224990263210666168845602984913989193350923580530081665257252576406168967042636539181238132231567428583802173771149357466 
421 737986193516411930846677900202391403322501212207082408197922388173532595865960567024912368895995519610426864225902740158312224770734987315273187655520703383728852631143190084106857254219563940344217202 
423 6641875741647707377620101101821522629902510909863741673781301493561793362793645103224211320063959676493841778033124661424810022936614885837458688899686330453559673680288710756961715287976075463097954826 
425 59776881674829366398580909916393703669122598188773675064031713442056140265142805929017901880575637088444576002298121952823290206429533972537128200097176974082037063122598396812655437591784679167881593442 
427 537991935073464297587228189247543333022103383698963075576285420978505262386285253361161116925180733796001184020683097575409611857865805752834153800874592766738333568103385571313898938326062112510934340986 
429 4841927415661178678285053703227889997198930453290667680186568788806547361476567280250450052326626604164010656186147878178686506720792251775507384207871334900645002112930470141825090444934559012598409068882 
431 43577346740950608104565483329051009974790374079616009121679119099258926253289105522254050470939639437476095905675330903608178560487130265979566457870842014105805019016374231276425814004411031113385681619946 
433 392196120668555472941089349961459089773113366716544082095112071893330336279601949700286454238456754937284863151077978132473607044384172393816098120837578126952245171147368081487832326039699280020471134579522 
435 3529765086016999256469804149653131807958020300448896738856008647039973026516417547302578088146110794435563768359701803192262463399457551544344883087538203142570206540326312733390490934357293520184240211215706 
437 31767885774152993308228237346878186271622182704040070649704077823359757238647757925723202793314997149920073915237316228730362170595117963899103947787843828283131858862936814600514418409215641681658161900941362 
439 285910971967376939774054136121903676444599644336360635847336700410237815147829821331508825139834974349280665237135846058573259535356061675091935530090594454548186729766431331404629765682940775134923457108472266 
441 2573198747706392457966487225097133088001396799027245722626030303692140336330468391983579426258514769143525987134222614527159335818204555075827419770815350090933680567897881982641667891146466976214311113976250402 
443 23158788729357532121698385025874197792012571191245211503634272733229263026974215527852214836326632922291733884208003530744434022363840995682446777937338150818403125111080937843775011020318202785928800025786253626 
445 208429098564217789095285465232867780128113140721206903532708454599063367242767939750669933526939696300625604957872031776699906201274568961142021001436043357365628125999728440593975099182863825073359200232076282642 
447 1875861887077960101857569187095810021153018266490862131794376091391570305184911457756029401742457266705630444620848285990299155811471120650278189012924390216290653133997555965345775892645774425660232802088686543786 
449 16882756983701640916718122683862290190377164398417759186149384822524132746664203119804264615682115400350674001587634573912692402303240085852503701116319511946615878205978003688111983033811969830942095218798178894082 
451 151944812853314768250463104154760611713394479585759832675344463402717194719977828078238381541139038603156066014288711165214231620729160772672533310046875607519542903853802033193007847304307728478478856969183610046746 
453 1367503315679832914254167937392845505420550316271838494078100170624454752479800452704145433870251347428404594128598400486928084586562446954052799790421880467675886134684218298737070625738769556306309712722652490420722 
455 12307529841118496228287511436535609548784952846446546446702901535620092772318204074337308904832262126855641347157385604382352761279062022586475198113796924209082975212157964688633635631648926006756787414503872413786506 
457 110767768570066466054587602928820485939064575618018918020326113820580834950863836669035780143490359141700772124416470439441174851511558203278276783024172317881746776909421682197702720684840334060811086730534851724078562 
459 996909917130598194491288426359384373451581180562170262182935024385227514557774530021322021291413232275306949119748233954970573663604023829504491047217550860935720992184795139779324486163563006547299780574813665516707066 
461 8972189254175383750421595837234459361064230625059532359646415219467047631019970770191898191622719090477762542077734105594735162972436214465540419424957957748421488929663156258013920375472067058925698025173322989650363602 
463 80749703287578453753794362535110134249578075625535791236817736975203428679179736931727083724604471814299862878699606950352616466751925930189863774824621619735793400366968406322125283379248603530331282226559906906853272426 
465 726747329588206083784149262815991208246202680629822121131359632776830858112617632385543753521440246328698765908296462553173548200767333371708773973421594577622140603302715656899127550413237431772981540039039162161679451842 
467 6540725966293854754057343365343920874215824125668399090182236694991477723013558691469893781692962216958288893174668162978561933806906000345378965760794351198599265429724440912092147953719136885956833860351352459455115066586 
469 58866533696644692786516090288095287867942417131015591811640130254923299507122028223229044035236659952624600038572013466807057404262154003108410691847149160787393388867519968208829331583472231973611504743162172135096035599282 
471 529798803269802235078644812592857590811481754179140326304761172294309695564098254009061396317129939573621400347148121201263516638359386027975696226624342447086540499807679713879463984251250087762503542688459549215864320393546 
473 4768189229428220115707803313335718317303335787612262936742850550648787260076884286081552566854169456162592603124333090811371649745234474251781266039619082023778864498269117424915175858261250789862531884196135942942778883541922 
475 42913703064853981041370229820021464855730022088510366430685654955839085340691958574733973101687525105463333428118997817302344847707110268266031394356571738214009780484422056824236582724351257108762786957765223486485009951877306 
477 386223327583685829372332068380193183701570198796593297876170894602551768066227627172605757915187725949170000853070980355721103629363992414394282549209145643926088024359798511418129244519161313978865082619887011378365089566895762 
479 3476009948253172464350988615421738653314131789169339680885538051422965912596048644553451821236689533542530007677638823201489932664275931729548542942882310795334792219238186602763163200672451825809785743578983102405285806102061866 
481 31284089534278552179158897538795647879827186102524057127969842462806693213364437800981066391130205801882770069098749408813409393978483385565936886485940797158013129973143679424868468806052066432288071692210847921647572254918556802 
483 281556805808506969612430077849160830918444674922716514151728582165260238920279940208829597520171852216944930621888744679320684545806350470093431978373467174422118169758293114823816219254468597890592645229897631294828150294267011226 
485 2534011252276562726511870700642447478266002074304448627365557239487342150282519461879466377681546669952504375596998702113886160912257154230840887805361204569799063527824638033414345973290217381015333807069078681653453352648403101042 
487 22806101270489064538606836305782027304394018668740037646290015155386079352542675156915197399133920029572539380372988319024975448210314388077567990248250841128191571750421742300729113759611956429138004263621708134881080173835627909386 
489 205254911434401580847461526752038245739546168018660338816610136398474714172884076412236776592205280266152854423356894871224779033892829492698111912234257570153724145753795680706562023836507607862242038372595373213929721564520651184482 
491 1847294202909614227627153740768344211655915512167943049349491227586272427555956687710130989329847522395375689810212053841023011305035465434283007210108318131383517311784161126359058214528568470760178345353358358925367494080685860660346 
493 16625647826186528048644383666915097904903239609511487444145421048276451848003610189391178903968627701558381208291908484569207101745319188908547064890974863182451655806057450137231523930757116236841605108180225230328307446726172745943122 
495 149630830435678752437799453002235881144129156485603386997308789434488066632032491704520610135717649314025430874627176361122863915707872700176923584018773768642064902254517051235083715376814046131574445973622027072954767020535554713488106 
497 1346677473921108771940195077020122930297162408370430482975779104910392599688292425340685491221458843826228877871644587250105775241370854301592312256168963917778584120290653461115753438391326415184170013762598243656592903184819992421392962 
499 12120097265289978947461755693181106372674461675333874346782011944193533397194631828066169420993129594436059900844801285250951977172337688714330810305520675260007257082615881150041780945521937736657530123863384192909336128663379931792536666 
501 109080875387609810527155801238629957354070155078004869121038107497741800574751686452595524788938166349924539107603211567258567794551039198428977292749686077340065313743542930350376028509697439629917771114770457736184025157970419386132830002 
503 981727878488488294744402211147669616186631395702043822089342967479676205172765178073359723100443497149320851968428904105327110150959352785860795634747174696060587823691886373153384256587276956669259940032934119625656226421733774475195470026 
505 8835550906396394652699619900329026545679682561318394398804086707317085846554886602660237507903991474343887667715860136947943991358634175072747160712724572264545290413226977358380458309285492610023339460296407076630906037795603970276759230242 
507 79519958157567551874296579102961238911117143051865549589236780365853772618993979423942137571135923269094989009442741232531495922227707575654724446414521150380907613719042796225424124783569433490210055142667663689678154340160435732490833072186 
509 715679623418107966868669211926651150200054287466789946303131023292683953570945814815479238140223309421854901084984671092783463300049368180892520017730690353428168523471385166028817123052124901411890496284008973207103389061443921592417497649682 
511 6441116610762971701818022907339860351800488587201109516728179209634155582138512333339313143262009784796694109764862039835051169700444313628032680159576213180853516711242466494259354107469124112707014466556080758863930501552995294331757478847146 
513 57970049496866745316362206166058743166204397284809985650553612886707400239246611000053818289358088063170246987883758358515460527303998822652294121436185918627681650401182198448334186967222117014363130199004726829775374513976957648985817309624322 
515 521730445471800707847259855494528688495839575563289870854982515980366602153219499000484364604222792568532222890953825226639144745735989403870647092925673267649134853610639786035007682704999053129268171791042541467978370625792618840872355786618906 
517 4695574009246206370625338699450758196462556180069608837694842643823299419378975491004359281438005133116790006018584427039752302711623904634835823836331059408842213682495758074315069144344991478163413546119382873211805335632133569567851202079570162 
519 42260166083215857335628048295056823768163005620626479539253583794409694774410779419039233532942046198051110054167259843357770724404615141713522414526979534679579923142461822668835622299104923303470721915074445858906248020689202126110660818716131466 
521 380341494748942716020652434655511413913467050585638315853282254149687252969697014771353101796478415782459990487505338590219936519641536275421701730742815812116219308282156404019520600691944309731236497235670012730156232186202819134995947368445183202 
523 3423073452740484444185871911899602725221203455270744842679540287347185276727273132942177916168305742042139914387548047311979428676773826478795315576685342309045973774539407636175685406227498787581128475121030114571406089675825372214963526316006648826 
525 30807661074664359997672847207096424526990831097436703584115862586124667490545458196479601245514751678379259229487932425807814858090964438309157840190168080781413763970854668725581168656047489088230156276089271031142654807082428349934671736844059839442 
527 277268949671979239979055624863867820742917479876930332257042763275122007414909123768316411209632765105413333065391391832270333722818679944782420561711512727032723875737692018530230517904427401794071406484803439280283893263741855149412045631596538554986 
529 2495420547047813159811500623774810386686257318892372990313384869476098066734182113914847700886694885948719997588522526490433003505368119503041785055403614543294514881639228166772074661139846616146642658363230953522555039373676696344708410684368846994882 
531 22458784923430318438303505613973293480176315870031356912820463825284882600607639025233629307980253973538479978296702738413897031548313075527376065498632530889650633934753053500948671950258619545319783925269078581702995354363090267102375696159319622953946 
533 202129064310872865944731550525759641321586842830282212215384174427563943405468751227102663771822285761846319804670324645725073283934817679746384589487692778006855705412777481508538047552327575907878055327421707235326958189267812403921381265433876606585522 
535 1819161578797855793502583954731836771894281585472539909938457569848075490649218761043923973946400571856616878242032921811525659555413359117717461305389235002061701348714997333576842427970948183170902497946795365117942623703410311635292431388904889459269706 
537 16372454209180702141523255592586530947048534269252859189446118128632679415842968849395315765517605146709551904178296296303730935998720232059457151748503115018555312138434976002191581851738533648538122481521158286061483613330692804717631882500144005133427362 
539 147352087882626319273709300333278778523436808423275732705015063157694114742586719644557841889658446320385967137604666666733578423988482088535114365736528035166997809245914784019724236665646802836843102333690424574553352519976235242458686942501296046200846266 