1 8 
2 50 
3 344 
4 2402 
5 16808 
6 117650 
7 823544 
8 5764802 
9 40353608 
10 282475250 
11 1977326744 
12 13841287202 
13 96889010408 
14 678223072850 
15 4747561509944 
16 33232930569602 
17 232630513987208 
18 1628413597910450 
19 11398895185373144 
20 79792266297612002 
21 558545864083284008 
22 3909821048582988050 
23 27368747340080916344 
24 191581231380566414402 
25 1341068619663964900808 
26 9387480337647754305650 
27 65712362363534280139544 
28 459986536544739960976802 
29 3219905755813179726837608 
30 22539340290692258087863250 
31 157775382034845806615042744 
32 1104427674243920646305299202 
33 7730993719707444524137094408 
34 54116956037952111668959660850 
35 378818692265664781682717625944 
36 2651730845859653471779023381602 
37 18562115921017574302453163671208 
38 129934811447123020117172145698450 
39 909543680129861140820205019889144 
40 6366805760909027985741435139224002 
41 44567640326363195900190045974568008 
42 311973482284542371301330321821976050 
43 2183814375991796599109312252753832344 
44 15286700631942576193765185769276826402 
45 107006904423598033356356300384937784808 
46 749048330965186233494494102694564493650 
47 5243338316756303634461458718861951455544 
48 36703368217294125441230211032033660188802 
49 256923577521058878088611477224235621321608 
50 1798465042647412146620280340569649349251250 
51 12589255298531885026341962383987545444758744 
52 88124787089723195184393736687912818113311202 
53 616873509628062366290756156815389726793178408 
54 4318114567396436564035293097707728087552248850 
55 30226801971775055948247051683954096612865741944 
56 211587613802425391637729361787678676290060193602 
57 1481113296616977741464105532513750734030421355208 
58 10367793076318844190248738727596255138212949486450 
59 72574551534231909331741171093173785967490646405144 
60 508021860739623365322188197652216501772434524836002 
61 3556153025177363557255317383565515512407041673852008 
62 24893071176241544900787221684958608586849291716964050 
63 174251498233690814305510551794710260107945042018748344 
64 1219760487635835700138573862562971820755615294131238402 
65 8538323413450849900970017037940802745289307058918668808 
66 59768263894155949306790119265585619217025149412430681650 
67 418377847259091645147530834859099334519176045887014771544 
68 2928644930813641516032715844013695341634232321209103400802 
69 20500514515695490612229010908095867391439626248463723805608 
70 143503601609868434285603076356671071740077383739246066639250 
71 1004525211269079039999221534496697502180541686174722466474744 
72 7031676478883553279994550741476882515263791803223057265323202 
73 49221735352184872959961855190338177606846542622561400857262408 
74 344552147465294110719732986332367243247925798357929806000836850 
75 2411865032257058775038130904326570702735480588505508642005857944 
76 16883055225799411425266916330285994919148364119538560494041005602 
77 118181386580595879976868414312001964434038548836769923458287039208 
78 827269706064171159838078900184013751038269841857389464208009274450 
79 5790887942449198118866552301288096257267888893001726249456064921144 
80 40536215597144386832065866109016673800875222251012083746192454448002 
81 283753509180010707824461062763116716606126555757084586223347181136008 
82 1986274564260074954771227439341817016242885890299592103563430267952050 
83 13903921949820524683398592075392719113700201232097144724944011875664344 
84 97327453648743672783790144527749033795901408624680013074608083129650402 
85 681292175541205709486531011694243236571309860372760091522256581907552808 
86 4769045228788439966405717081859702655999169022609320640655796073352869650 
87 33383316601519079764840019573017918591994183158265244484590572513470087544 
88 233683216210633558353880137011125430143959282107856711392134007594290612802 
89 1635782513474434908477160959077878011007714974754996979744938053160034289608 
90 11450477594321044359340126713545146077054004823284978858214566372120240027250 
91 80153343160247310515380886994816022539378033762994852007501964604841680190744 
92 561073402121731173607666208963712157775646236340963964052513752233891761335202 
93 3927513814852118215253663462745985104429523654386747748367596265637242329346408 
94 27492596703964827506775644239221895731006665580707234238573173859460696305424850 
95 192448176927753792547429509674553270117046659064950639670012217016224874137973944 
96 1347137238494276547832006567721872890819326613454654477690085519113574118965817602 
97 9429960669459935834824045974053110235735286294182581343830598633795018832760723208 
98 66009724686219550843768321818371771650147004059278069406814190436565131829325062450 
99 462068072803536855906378252728602401551029028414946485847699333055955922805275437144 
100 3234476509624757991344647769100216810857203198904625400933895331391691459636928060002 
101 22641335567373305939412534383701517676000422392332377806537267319741840217458496420008 
102 158489348971613141575887740685910623732002956746326644645760871238192881522209474940050 
103 1109425442801291991031214184801374366124020697224286512520326098667350170655466324580344 
104 7765978099609043937218499293609620562868144880570005587642282690671451194588264272062402 
105 54361846697263307560529495055267343940077014163990039113495978834700158362117849904436808 
106 380532926880843152923706465386871407580539099147930273794471851842901108534824949331057650 
107 2663730488165902070465945257708099853063773694035511916561302962900307759743774645317403544 
108 18646113417161314493261616803956698971446415858248583415929120740302154318206422517221824802 
109 130522793920129201452831317627696892800124911007740083911503845182115080227444957620552773608 
110 913659557440904410169819223393878249600874377054180587380526916274805561592114703343869415250 
111 6395616902086330871188734563757147747206120639379264111663688413923638931144802923407085906744 
112 44769318314604316098321141946300034230442844475654848781645818897465472518013620463849601347202 
113 313385228202230212688247993624100239613099911329583941471520732282258307626095343246947209430408 
114 2193696597415611488817735955368701677291699379307087590300645125975808153382667402728630466012850 
115 15355876181909280421724151687580911741041895655149613132104515881830657073678671819100413262089944 
116 107491133273364962952069061813066382187293269586047291924731611172814599515750702733702892834629602 
117 752437932913554740664483432691464675311052887102331043473121278209702196610254919135920249842407208 
118 5267065530394883184651384028840252727177370209716317304311848947467915376271784433951441748896850450 
119 36869458712764182292559688201881769090241591468014221130182942632275407633902491037660092242277953144 
120 258086210989349276047917817413172383631691140276099547911280598425927853437317437263620645695945672002 
121 1806603476925444932335424721892206685421837981932696835378964188981494974061222060845344519871619704008 
122 12646224338478114526347973053245446797952865873528877847652749322870464818428554425917411639101337928050 
123 88523570369346801684435811372718127585670061114702144933569245260093253728999880981421881473709365496344 
124 619664992585427611791050679609026893099690427802915014534984716820652776102999166869953170315965558474402 
125 4337654948097993282537354757263188251697832994620405101744893017744569432720994168089672192211758909320808 
126 30363584636685952977761483300842317761884830962342835712214251124211986029046959176627705345482312365245650 
127 212545092456801670844330383105896224333193816736399849985499757869483902203328714236393937418376186556719544 
128 1487815647197611695910312681741273570332356717154798949898498305086387315423300999654757561928633305897036802 
129 10414709530383281871372188772188914992326497020083592649289488135604711207963106997583302933500433141279257608 
130 72902966712682973099605321405322404946285479140585148545026416949232978455741748983083120534503031988954803250 
131 510320766988780811697237249837256834623998353984096039815184918644630849190192242881581843741521223922683622744 
132 3572245368921465681880660748860797842367988477888672278706294430512415944331345700171072906190648567458785359202 
133 25005717582450259773164625242025584896575919345220705950944061013586911610319419901197510343334539972211497514408 
134 175040023077151818412152376694179094276031435416544941656608427095108381272235939308382572403341779805480482600850 
135 1225280161540062728885066636859253659932220047915814591596258989665758668905651575158678006823392458638363378205944 
136 8576961130780439102195466458014775619525540335410702141173812927660310682339561026110746047763747210468543647441602 
137 60038727915463073715368265206103429336678782347874914988216690493622174776376927182775222334346230473279805532091208 
138 420271095408241516007577856442724005356751476435124404917516833455355223434638490279426556340423613312958638724638450 
139 2941897667857690612053044995099068037497260335045870834422617834187486564042469431955985894382965293190710471072469144 
140 20593283675003834284371314965693476262480822345321095840958324839312405948297286023691901260680757052334973297507284002 
141 144152985725026839990599204759854333837365756417247670886708273875186841638081002165843308824765299366344813082550988008 
142 1009070900075187879934194433318980336861560294920733696206957917126307891466567015160903161773357095564413691577856916050 
143 7063496300526315159539361033232862358030922064445135873448705419884155240265969106126322132413499668950895841044998412344 
144 49444474103684206116775527232630036506216454451115951114140937939189086681861783742884254926894497682656270887314988886402 
145 346111318725789442817428690628410255543515181157811657798986565574323606773032486200189784488261483778593896211204922204808 
146 2422779231080526099722000834398871788804606268104681604592905959020265247411227403401328491417830386450157273478434455433650 
147 16959454617563682698054005840792102521632243876732771232150341713141856731878591823809299439924812705151100914349041188035544 
148 118716182322945778886378040885544717651425707137129398625052391991992997123150142766665096079473688936057706400443288316248802 
149 831013276260620452204646286198813023559979949959905790375366743943950979862050999366655672556315822552403944803103018213741608 
150 5817092933824343165432524003391691164919859649719340532627567207607656859034356995566589707894210757866827613621721127496191250 
151 40719650536770402158027668023741838154439017548035383728392970453253598013240498968966127955259475305067793295352047892473338744 
152 285037553757392815106193676166192867081073122836247686098750793172775186092683492782762895686816327135474553067464335247313371202 
153 1995262876301749705743355733163350069567511859853733802691255552209426302648784449479340269807714289948321871472250346731193598408 
154 13966840134112247940203490132143450486972583018976136618838788865465984118541491146355381888654000029638253100305752427118355188850 
155 97767880938785735581424430925004153408808081132832956331871522058261888829790438024487673220578000207467771702140266989828486321944 
156 684375166571500149069971016475029073861656567929830694323100654407833221808533066171413712544046001452274401914981868928799404253602 
157 4790626166000501043489797115325203517031595975508814860261704580854832552659731463199895987808322010165920813404873082501595829775208 
158 33534383162003507304428579807276424619221171828561704021831932065983827868618120242399271914658254071161445693834111577511170808426450 
159 234740682134024551131000058650934972334548202799931928152823524461886795080326841696794903402607778498130119856838781042578195658985144 
160 1643184774938171857917000410556544806341837419599523497069764671233207565562287891877564323818254449486910838997871467298047369612896002 
161 11502293424567203005419002873895813644392861937196664479488352698632452958936015243142950266727781146408375872985100271086331587290272008 
162 80516053971970421037933020117270695510750033560376651356418468890427170712552106702000651867094468024858631110895701897604321111031904050 
163 563612377803792947265531140820894868575250234922636559494929282232990194987864746914004563069661276174010417776269913283230247777223328344 
164 3945286644626550630858717985746264080026751644458455916464504975630931364915053228398031941487628933218072924433889392982611734440563298402 
165 27617006512385854416011025900223848560187261511209191415251534829416519554405372598786223590413402532526510471037225750878282141083943088808 
166 193319045586700980912077181301566939921310830578464339906760743805915636880837608191503565132893817727685573297260580256147974987587601621650 
167 1353233319106906866384540269110968579449175814049250379347325206641409458165863257340524955930256724093799013080824061793035824913113211351544 
168 9472633233748348064691781883776780056144230698344752655431276446489866207161042801383674691511797068656593091565768432551250774391792479460802 
169 66308432636238436452842473186437460393009614888413268588018935125429063450127299609685722840582579480596151640960379027858755420742547356225608 
170 464159028453669055169897312305062222751067304218892880116132545878003444150891097267800059884078056364173061486722653195011287945197831493579250 
171 3249113199175683386189281186135435559257471129532250160812927821146024109056237680874600419188546394549211430407058572365079015616384820455054744 
172 22743792394229783703324968302948048914802297906725751125690494748022168763393663766122202934319824761844480012849410006555553109314693743185383202 
173 159206546759608485923274778120636342403616085347080257879833463236155181343755646362855420540238773332911360089945870045888871765202856202297682408 
174 1114445827317259401462923446844454396825312597429561805158834242653086269406289524539987943781671413330379520629621090321222102356419993416083776850 
175 7801120791220815810240464127911180777777188182006932636111839698571603885844026671779915606471699893312656644407347632248554716494939953912586437944 
176 54607845538545710671683248895378265444440317274048528452782877890001227200908186702459409245301899253188596510851433425739883015464579677388105065602 
177 382254918769819974701782742267647858111082220918339699169480145230008590406357306917215864717113294772320175575960033980179181108252057741716735459208 
178 2675784431388739822912479195873535006777575546428377894186361016610060132844501148420511053019793063406241229031720237861254267757764404192017148214450 
179 18730491019721178760387354371114745047443028824998645259304527116270420929911508038943577371138551443843688603222041665028779874304350829344120037501144 
180 131113437138048251322711480597803215332101201774990516815131689813892946509380556272605041597969860106905820222554291655201459120130455805408840262508002 
181 917794059966337759258980364184622507324708412424933617705921828697250625565663893908235291185789020748340741557880041586410213840913190637861881837556008 
182 6424558419764364314812862549292357551272958886974535323941452800880754378959647257357647038300523145238385190905160291104871496886392334465033172862892050 
183 44971908938350550203690037845046502858910712208821747267590169606165280652717530801503529268103662016668696336336122037734100478204746341255232210040244344 
184 314803362568453851425830264915325520012374985461752230873131187243156964569022715610524704876725634116680874354352854264138703347433224388786625470281710402 
185 2203623537979176959980811854407278640086624898232265616111918310702098751983159009273672934137079438816766120480469979848970923432032570721506378291971972808 
186 15425364765854238719865682980850950480606374287625859312783428174914691263882113064915710538959556071717362843363289858942796464024227995050544648043803809650 
187 107977553360979671039059780865956653364244620013381015189483997224402838847174791454409973772716892502021539903543029012599575248169595965353812536306626667544 
188 755842873526857697273418466061696573549712340093667106326387980570819871930223540180869816409018247514150779324801203088197026737187171757476687754146386672802 
189 5290900114688003880913929262431876014847986380655669744284715863995739103511564781266088714863127732599055455273608421617379187160310202302336814279024706709608 
190 37036300802816027166397504837023132103935904664589688209993011047970173724580953468862621004041894128193388186915258951321654310122171416116357699953172946967250 
191 259254105619712190164782533859161924727551332652127817469951077335791216072066674282038347028293258897353717308406812659251580170855199912814503899672210628770744 
192 1814778739337985331153477737014133473092859328564894722289657541350538512504466719974268429198052812281476021158847688614761061195986399389701527297705474401395202 
193 12703451175365897318074344159098934311650015299954263056027602789453769587531267039819879004386369685970332148111933820303327428371904795727910691083938320809766408 
194 88924158227561281226520409113692540181550107099679841392193219526176387112718869278739153030704587801792325036783536742123291998603333570095374837587568245668364850 
195 622469107592928968585642863795847781270850749697758889745352536683234709789032084951174071214932114612546275257484757194863043990223334990667623863112977719678553944 
196 4357283753150502780099500046570934468895955247884312228217467756782642968523224594658218498504524802287823926802393300364041307931563344934673367041790844037749877602 
197 30500986272053519460696500325996541282271686735190185597522274297478500779662572162607529489531673616014767487616753102548289155520943414542713569292535908264249143208 
198 213506903904374636224875502281975788975901807146331299182655920082349505457638005138252706426721715312103372413317271717838024088646603901798994985047751357849744002450 
199 1494548327330622453574128515973830522831312650024319094278591440576446538203466035967768944987052007184723606893220902024866168620526227312592964895334259504948208017144 
200 10461838291314357175018899611816813659819188550170233659950140084035125767424262251774382614909364050293065248252546314174063180343683591188150754267339816534637456120002 
201 73232868039200500225132297282717695618734319851191635619650980588245880371969835762420678304365548352051456737767824199218442262405785138317055279871378715742462192840008 
202 512630076274403501575926080979023869331140238958341449337556864117721162603788850336944748130558838464360197164374769394529095836840495968219386959099651010197235349880050 
203 3588410533920824511031482566853167085317981672708390145362898048824048138226521952358613236913911869250521380150623385761703670857883471777535708713697557071380647449160344 
204 25118873737445771577220377967972169597225871708958731017540286341768336967585653666510292658397383084753649661054363700331925696005184302442749960995882899499664532144122402 
205 175832116162120401040542645775805187180581101962711117122782004392378358773099575665572048608781681593275547627380545902323479872036290117099249726971180296497651725008856808 
206 1230824813134842807283798520430636310264067713738977819859474030746648511411697029659004340261471771152928833391663821316264359104254030819694748088798262075483562075061997650 
207 8615773691943899650986589643014454171848473996172844739016318215226539579881879207613030381830302398070501833741646749213850513729778215737863236621587834528384934525433983544 
208 60310415843607297556906127501101179202939317973209913173114227506585777059173154453291212672812116786493512836191527244496953596108447510165042656351114841698694541678037884802 
209 422172910905251082898342892507708254420575225812469392211799592546100439414212081173038488709684817505454589853340690711478675172759132571155298594457803891890861791746265193608 
210 2955210376336757580288400247553957780944026580687285745482597147822703075899484568211269420967793722538182128973384834980350726209313927998087090161204627243236032542223856355250 
211 20686472634357303062018801732877704466608186064811000218378180034758921531296391977478885946774556057767274902813693844862455083465197495986609631128432390702652227795566994486744 
212 144805308440501121434131612130143931266257302453677001528647260243312450719074743842352201627421892404370924319695856914037185584256382471906267417899026734918565594568968961407202 
213 1013637159083507850038921284911007518863801117175739010700530821703187155033523206896465411391953246830596470237870998398260299089794677303343871925293187144429959161982782729850408 
214 7095460113584554950272448994377052632046607820230173074903715751922310085234662448275257879743672727814175291665096988787822093628562741123407103477052310011009714133879479108952850 
215 49668220795091884651907142960639368424326254741611211524326010263456170596642637137926805158205709094699227041655678921514754655399939187863849724339366170077067998937156353762669944 
216 347677545565643192563350000724475578970283783191278480670282071844193194176498459965487636107439963662894589291589752450603282587799574315046948070375563190539475992560094476338689602 
217 2433742818959502347943450005071329052791986482338949364691974502909352359235489219758413452752079745640262125041128267154222978114597020205328636492628942333776331947920661334370827208 
218 17036199732716516435604150035499303369543905376372645552843821520365466514648424538308894169264558219481834875287897870079560846802179141437300455448402596336434323635444629340595790450 
219 119253398129015615049229050248495123586807337634608518869906750642558265602538971768162259184851907536372844127015285090556925927615253990061103188138818174355040265448112405384170533144 
220 834773786903109305344603351739465865107651363442259632089347254497907859217772802377135814293963352754609908889106995633898481493306777930427722316971727220485281858136786837689193732002 
221 5843416508321765137412223462176261055753559544095817424625430781485355014524409616639950700057743469282269362223748969437289370453147445512994056218802090543396973006957507863824356124008 
222 40903915558252355961885564235233827390274916808670721972378015470397485101670867316479654900404204284975885535566242786061025593172032118590958393531614633803778811048702555046770492868050 
223 286327408907766491733198949646636791731924417660695053806646108292782395711696071215357584302829429994831198748963699502427179152204224830136708754721302436626451677340917885327393450076344 
224 2004291862354365442132392647526457542123470923624865376646522758049476769981872498507503090119806009963818391242745896516990254065429573810956961283049117056385161741386425197291754150534402 
225 14030043036480558094926748532685202794864296465374057636525659306346337389873107489552521630838642069746728738699221275618931778458007016676698728981343819394696132189704976381042279053740808 
226 98210301255363906664487239728796419564050075257618403455679615144424361729111752426867651415870494488227101170894548929332522449206049116736891102869406735762872925327934834667295953376185650 
227 687472108787547346651410678101574936948350526803328824189757306010970532103782266988073559911093461417589708196261842505327657144442343817158237720085847150340110477295543842671071673633299544 
228 4812304761512831426559874746711024558638453687623301769328301142076793724726475868916514919377654229923127957373832897537293600011096406720107664040600930052380773341068806898697501715433096802 
229 33686133330589819985919123226977171910469175813363112385298107994537556073085331082415604435643579609461895701616830282761055200077674847040753648284206510366665413387481648290882512008031677608 
230 235802933314128739901433862588840203373284230693541786697086755961762892511597317576909231049505057266233269911317811979327386400543723929285275537989445572566657893712371538036177584056221743250 
231 1650620533198901179310037038121881423612989614854792506879607291732340247581181223038364617346535400863632889379224683855291704803806067504996928765926119007966605255986600766253243088393552202744 
232 11554343732392308255170259266853169965290927303983547548157251042126381733068268561268552321425747806045430225654572786987041933626642472534978501361482833055766236791906205363772701618754865419202 
233 80880406126746157786191814867972189757036491127884832837100757294884672131477879928879866249980234642318011579582009508909293535386497307744849509530379831390363657543343437546408911331284057934408 
234 566162842887223104503342704075805328299255437895193829859705301064192704920345159502159063749861642496226081057074066562365054747705481154213946566712658819732545602803404062824862379318988405540850 
235 3963139900210561731523398928530637298094788065266356809017937107449348934442416116515113446249031497473582567399518465936555383233938368079497625966988611738127819219623828439774036655232918838785944 
236 27741979301473932120663792499714461086663516456864497663125559752145442541096912815605794123743220482315077971796629261555887682637568576556483381768920282166894734537366799078418256586630431871501602 
237 194193855110317524844646547498001227606644615198051483641878918265018097787678389709240558866202543376205545802576404830891213778462980035895383672382441975168263141761567593548927796106413023100511208 
238 1359356985772222673912525832486008593246512306386360385493152427855126684513748727964683912063417803633438820618034833816238496449240860251267685706677093826177841992330973154842494572744891161703578450 
239 9515498900405558717387680827402060152725586144704522698452066994985886791596241095752787384443924625434071744326243836713669475144686021758873799946739656783244893946316812083897462009214238131925049144 
240 66608492302838911021713765791814421069079103012931658889164468964901207541173687670269511691107472378038502210283706856995686326012802152312116599627177597482714257624217684587282234064499666923475344002 
241 466259446119872377151996360542700947483553721090521612224151282754308452788215813691886581837752306646269515471985947998969804282089615066184816197390243182378999803369523792110975638451497668464327408008 
242 3263816122839106640063974523798906632384876047633651285569058979280159169517510695843206072864266146523886608303901635992788629974627305463293713381731702276652998623586666544776829469160483679250291856050 
243 22846712859873746480447821666592346426694132333435558998983412854961114186622574870902442510049863025667206258127311451949520409822391138243055993672121915936570990365106665813437806284123385754752042992344 
244 159926990019116225363134751666146424986858926334048912992883889984727799306358024096317097570349041179670443806891180163646642868756737967701391955704853411555996932555746660694064643988863700283264300946402 
245 1119488930133813577541943261663024974908012484338342390950187229893094595144506168674219682992443288257693106648238261145526500081297165773909743689933973880891978527890226624858452507922045901982850106624808 
246 7836422510936695042793602831641174824356087390368396736651310609251662166011543180719537780947103017803851746537667828018685500569080160417368205829537817166243849695231586374009167555454321313879950746373650 
247 54854957576556865299555219821488223770492611732578777156559174264761635162080802265036764466629721124626962225763674796130798503983561122921577440806764720163706947866621104618064172888180249197159655224615544 
248 383984703035898057096886538750417566393448282128051440095914219853331446134565615855257351266408047872388735580345723572915589527884927860451042085647353041145948635066347732326449210217261744380117586572308802 
249 2687892921251286399678205771252922964754137974896360080671399538973320122941959310986801458864856335106721149062420065010409126695194495023157294599531471288021640445464434126285144471520832210660823106006161608 
250 18815250448759004797747440398770460753278965824274520564699796772813240860593715176907610212053994345747048043436940455072863886866361465162101062196720299016151483118251038883996011300645825474625761742043131250 
251 131706753141313033584232082791393225272952760769921643952898577409692686024156006238353271484377960420229336304058583185510047208064530256134707435377042093113060381827757272187972079104520778322380332194301918744 
252 921947271989191235089624579539752576910669325389451507670290041867848802169092043668472900390645722941605354128410082298570330456451711792942952047639294651791422672794300905315804553731645448256662325360113431202 
253 6453630903924338645627372056778268038374685277726160553692030293074941615183644305679310302734520060591237478898870576089992313195161982550600664333475062562539958709560106337210631876121518137796636277520794018408 
254 45175416327470370519391604397447876268622796944083123875844212051524591306285510139755172119141640424138662352292094032629946192366133877854204650334325437937779710966920744360474423132850626964576453942645558128850 
255 316227914292292593635741230782135133880359578608581867130909484360672139143998570978286204833991482968970636466044658228409623346562937144979432552340278065564457976768445210523320961929954388752035177598518906901944 
256 2213595400046048155450188615474945937162517050260073069916366390524704974007989996848003433837940380782794455262312607598867363425940560014856027866381946458951205837379116473663246733509680721264246243189632348313602 
257 15495167800322337088151320308324621560137619351820511489414564733672934818055929977936024036865582665479561186836188253192071543981583920103992195064673625212658440861653815315642727134567765048849723702327426438195208 
258 108466174602256359617059242158272350920963335462743580425901953135710543726391509845552168258059078658356928307853317772344500807871087440727945365452715376488609086031576707209499089941974355341948065916291985067366450 
259 759263222215794517319414695107906456446743348239205062981313671949973806084740568918865177806413550608498498154973224406411505655097612085095617558169007635420263602221036950466493629593820487393636461414043895471565144 
260 5314842555510561621235902865755345195127203437674435440869195703649816642593183982432056244644894854259489487084812570844880539585683284595669322907183053447941845215547258653265455407156743411755455229898307268300956002 
261 37203897888573931348651320060287416365890424063721048086084369925548716498152287877024393712514263979816426409593687995914163777099782992169685260350281374135592916508830810572858187850097203882288186609288150878106692008 
262 260427285220017519440559240422011914561232968446047336602590589478841015487066015139170755987599847858714984867155815971399146439698480945187796822451969618949150415561815674010007314950680427176017306265017056146746844050 
263 1822990996540122636083914682954083401928630779122331356218134126351887108409462105974195291913198935011004894070090711799794025077889366616314577757163787332644052908932709718070051204654762990232121143855119393027227908344 
264 12760936975780858452587402780678583813500415453856319493526938884463209758866234741819367043392392545077034258490634982598558175545225566314202044300146511328508370362528968026490358432583340931624848006985835751190595358402 
265 89326558830466009168111819464750086694502908176994236454688572191242468312063643192735569303746747815539239809434444878189907228816578964199414310101025579299558592537702776185432509028083386521373936048900850258334167508808 
266 625285911813262064176782736253250606861520357238959655182820005338697278184445502349148985126227234708774678666041114147329350601716052749395900170707179055096910147763919433298027563196583705649617552342305951808339172561650 
267 4377001382692834449237479153772754248030642500672717586279740037370880947291118516444042895883590642961422750662287799031305454212012369245771301194950253385678371034347436033086192942376085939547322866396141662658374207931544 
268 30639009678849841144662354076409279736214497504709023103958180261596166631037829615108300271185134500729959254636014593219138179484086584720399108364651773699748597240432052231603350596632601576831260064772991638608619455520802 
269 214473067751948888012636478534864958153501482532963161727707261831173166417264807305758101898295941505109714782452102152533967256388606093042793758552562415898240180683024365621223454176428211037818820453410941470260336188645608 
270 1501311474263642216088455349744054707074510377730742132093950832818212164920853651140306713288071590535768003477164715067737770794720242651299556309867936911287681264781170559348564179234997477264731743173876590291822353320519250 
271 10509180319845495512619187448208382949521572644115194924657655829727485154445975557982146993016501133750376024340153005474164395563041698559096894169075558379013768853468193915439949254644982340853122202217136132042756473243634744 
272 73564262238918468588334312137458680646651008508806364472603590808092396081121828905875028951115507936252632170381071038319150768941291889913678259183528908653096381974277357408079644782514876385971855415519952924299295312705443202 
273 514949835672429280118340184962210764526557059561644551308225135656646772567852802341125202657808555553768425192667497268234055382589043229395747814284702360571674673819941501856557513477604134701802987908639670470095067188938102408 
274 3604648849707004960828381294735475351685899416931511859157575949596527407974969616387876418604659888876378976348672480877638387678123302605770234699992916524001722716739590512995902594343228942912620915360477693290665470322566716850 
275 25232541947949034725798669063148327461801295918520583014103031647175691855824787314715134930232619222134652834440707366143468713746863118240391642899950415668012059017177133590971318160402602600388346407523343853034658292257967017944 
276 176627793635643243080590683442038292232609071429644081098721221530229842990773511203005944511628334554942569841084951563004280996228041827682741500299652909676084413120239935136799227122818218202718424852663406971242608045805769125602 
277 1236394555449502701564134784094268045628263500007508567691048550711608900935414578421041611581398341884597988887594660941029966973596292793779190502097570367732590891841679545957594589859727527419028973968643848798698256320640383879208 
278 8654761888146518910948943488659876319397844500052559973837339854981262306547902048947291281069788393192185922213162626587209768815174049556454333514682992574128136242891756821703162129018092691933202817780506941590887794244482687154450 
279 60583333217025632376642604420619134235784911500367919816861378984868836145835314342631038967488518752345301455492138386110468381706218346895180334602780948018896953700242297751922134903126648843532419724463548591136214559711378810081144 
280 424083332519179426636498230944333939650494380502575438718029652894081853020847200398417272772419631266417110188444968702773278671943528428266262342219466636132278675901696084263454944321886541904726938071244840137953501917979651670568002 
281 2968583327634255986455487616610337577553460663518028071026207570258572971145930402788920909406937418864919771319114780919412950703604698997863836395536266452925950731311872589844184610253205793333088566498713880965674513425857561693976008 
282 20780083293439791905188413316272363042874224644626196497183452991810010798021512819522446365848561932054438399233803466435890654925232892985046854768753865170481655119183108128909292271772440553331619965490997166759721593981002931857832050 
283 145460583054078543336318893213906541300119572512383375480284170942670075586150589736657124560939933524381068794636624265051234584476630250895327983381277056193371585834281756902365045902407083873321339758436980167318051157867020523004824344 
284 1018224081378549803354232252497345789100837007586683628361989196598690529103054128156599871926579534670667481562456369855358642091336411756267295883668939393353601100839972298316555321316849587113249378309058861171226358105069143661033770402 
285 7127568569649848623479625767481420523705859053106785398533924376190833703721378897096199103486056742694672370937194588987510494639354882293871071185682575753475207705879806088215887249217947109792745648163412028198584506735484005627236392808 
286 49892979987548940364357380372369943665941013371747497789737470633335835926049652279673393724402397198862706596560362122912573462475484176057097498299778030274326453941158642617511210744525629768549219537143884197390091547148388039390654749650 
287 349250859912842582550501662606589605661587093602232484528162294433350851482347565957713756070816780392038946175922534860388014237328389232399682488098446211920285177588110498322578475211679408379844536760007189381730640830038716275734583247544 
288 2444756019389898077853511638246127239631109655215627391697136061033455960376432961703996292495717462744272623231457744022716099661298724626797777416689123483441996243116773488258049326481755858658911757320050325672114485810271013930142082732802 
289 17113292135729286544974581467722890677417767586509391741879952427234191722635030731927974047470022239209908362620204208159012697629091072387584441916823864384093973701817414417806345285372291010612382301240352279704801400671897097510994579129608 
290 119793044950105005814822070274060234741924373105565742193159666990639342058445215123495818332290155674469358538341429457113088883403637506713091093417767050688657815912721900924644416997606037074286676108682465957933609804703279682576962053907250 
291 838551314650735040703754491918421643193470611738960195352117668934475394409116505864470728326031089721285509768390006199791622183825462546991637653924369354820604711389053306472510918983242259520006732760777261705535268632922957778038734377350744 
292 5869859202555145284926281443428951502354294282172721367464823682541327760863815541051295098282217628048998568378730043398541355286778237828941463577470585483744232979723373145307576432882695816640047129325440831938746880430460704446271140641455202 
293 41089014417886016994483970104002660516480059975209049572253765777789294326046708787359065687975523396342989978651110303789789487007447664802590245042294098386209630858063612017153035030178870716480329905278085823571228163013224931123897984490186408 
294 287623100925202118961387790728018623615360419826463347005776360444525060282326961511513459815828663774400929850557772126528526409052133653618131715296058688703467416006445284120071245211252095015362309336946600764998597141092574517867285891431304850 
295 2013361706476414832729714535096130365307522938785243429040434523111675421976288730580594218710800646420806508953904404885699684863364935575326922007072410820924271912045116988840498716478764665107536165358626205354990179987648021625071001240019133944 
296 14093531945334903829108001745672912557152660571496704003283041661781727953834021114064159530975604524945645562677330834199897794043554549027288454049506875746469903384315818921883491015351352655752753157510383437484931259913536151375497008680133937602 
297 98654723617344326803756012219710387900068624000476928022981291632472095676838147798449116716829231674619518938741315839399284558304881843191019178346548130225289323690210732453184437107459468590269272102572684062394518819394753059628479060760937563208 
298 690583065321410287626292085537972715300480368003338496160869041427304669737867034589143817017804621722336632571189210875794991908134172902337134248425836911577025265831475127172291059752216280131884904718008788436761631735763271417399353425326562942450 
299 4834081457249872013384044598765809007103362576023369473126083289991132688165069242124006719124632352056356427998324476130564943356939210316359939738980858381039176860820325890206037418265513960923194333026061519057331422150342899921795473977285940597144 
300 33838570200749104093688312191360663049723538032163586311882583029937928817155484694868047033872426464394494995988271332913954603498574472214519578172866008667274238025742281231442261927858597726462360331182430633401319955052400299452568317841001584180002 
301 236869991405243728655818185339524641348064766225145104183178081209565501720088392864076329237106985250761464971917899330397682224490021305501637047210062060670919666180195968620095833495010184085236522318277014433809239685366802096167978224887011089260008 
315 160650693436580621260735365963227404628039127508686742730023282412535181308740744880171771999274919451733961590371035176807355551481048091754798867558707173180224206571557811986523374485847666358838270301664205924503628455697830457355500599358589026785060569063249944 
329 108957006957880384854781400332988655104195780924346448594905101807142948743533497375319263496297652070491969771073582487659356699431175449777087388597611757900070061059734878450350888020156369740407014773814755940670361796273579035410270670889643488187096146596661961779984097608 
343 73897156067403508131992561964010797488623510811411465963096756553187673674242192208052907140882508921992930897316344188467202522254786303935865880767877211225678168284320446607858490555306354934819445999851584475980430310449242090867019155825594779128355380774995049124533408341373887572344 
357 50118756262836531850082555260443441621349289621782057780403255465408221745534401820791727004256990154750704030233605843133149281898444475153222220675925533888200084907725547604181823975774720426470699771019162821240952877142184004510939410492980850623524636136920601280002755478645886411723522246615208 
371 33991696879951056132337049623067800474800657928828292231199564376112317776445124546538465706864709166842962522931164754235245971823800744291625404610573797390755944407860329515649426619363553023014845758763937285085495147776179609022385404420206066455600736367836918900456191475914382883692541636312977680832214744 
385 23053953109272171150796518991127640832286923411216840299133122900517089734700179401577835917887591924650932666532920186124112410031687413587759477691816293063441235003312050433309445955609686815943671908654652517496607056803439883316897633813839745617308633445661502307975804530702173331413485360323062325391178250587700812808 
399 15635722919087329791775063664095173932853641047995802661934562964506272330907029857449693835281245040105713624789750551650356530024386091104127388693266912101491438106281837537309994380511297041579839847584039267956882574996726889056628323650799559496219541776733518962817055709955804360473873301675383313688548429070286585427818473177144 
413 10604508044398945005959947004475234015931120826949753974231473216747314940402191545255321787398698061239037338406910840700497694039552063613416940786289703842011107308306561304592579074229294039298881902997742921081197402052943806813210772437732979277301616022538936324778794897033046915344063628443379650909787400106401488169918790164769409370690408 
427 7192222031924192205195917876392385969003175387182564112127819728270606547649541649756951988919844085395478683968981356717461481735143632327410760004710481149258934418628757230509377235725807469745247049781085948647027003456703249643179632250628135720799141295799850636939420935260873632025831602173445545450752928989466246862308843312334347844904463152186459544 
441 4877930927103904213630068966197894566364166076533443960682279283966414969351931476044568891925378855950899516452721091153309734037205802671471979302221212239647683520569765077834096842323286564942379053315179784851562868352685822900121252979910795918976615131557906356260283935375311210152838806170687144905580544299922890299322308310158264858659545865910593324263480248008 
455 3308325302525581336073144323198528765033625073987876472730676594552917417428139123796231745959105431691511199914192730669549957175376645981659259032352597416323661306465484570370690817827147250344018118163952834178913669914267033489598449010727198074077648745898033641523838698707474103039535142061656138207685372723363674132559909324371306953954089864304737121882763443514324148061944 
469 2243782552662997314181610913905166575297022302489832559907630833944522546185845743180958712871308824572983393834302938921920417151400305236632170756594636925345651724017342856474606505473636677459921040466886473181125383049945869838855051567159844441860817663871835560381075205123604570726563574981578175073219008836229598685527476264559915287356944978639844249750488062988049563246015029453485608 
483 1521785097672071206362886039677677257275152200874339422360045263801354536866325824570095906109378958890339077633749699579576428604654638280865216930466891886581409323723596767086186799280455605545858344106361021472535085440086467485224461529785502792919677083562853924667682707045494080821351500374160768465672291738865721819784536176569737822862358062914135835532539015617248839549824684229980249493333984344 
497 1032109765158967730105770970818198406940036066371159787546049558458083500721966755892374149836137989797630216452306089038990928810097930159248994144982234983575510221332876794103795755030010582942039092125083000870461216505140203462090459803232511044066455112050805337820235326736533657534097772392899889628331480675769507334408696328765333222364007730203736474014266691498912108406961459177688316221948650202949914403208 
511 700000656443574852881166475616540431285027828217134503661463732628281050223079403176149873027879457267334577060496030960337825111821221373220444727122260825076369587335391811806200242031135825775939535922955990319538348053994865395628059928955669543525080434657621806421571518871555384243488811187118362893759921352682458321997509054523329448297144330797567900227376393773780875904342807066604642528414827839332518430984575520226744 
525 474756596209478488703607828132173483116779307419901872266820374368322116963093809761449337313929589354214041325757403886088560190464945794473845501899219029695349456619819508574594645020964464891448811823694233073909195820273676978690998895304638829309781203893380818789748476248686485641709898743677383607280153587096865552084522882682513181382461098465186248267935863578577897024634120392602952464630693334167411915352286941850084390687000808 
539 321990877536524406308325435588413767840617483790503873746851207530803983490958271582260401212888041863039764615217860275935757255723228246746271099459764995833276088793576411861218684080698877404313390378655866382387101718024480332635839564430776584778601813836431341490938848821199640591939205168557519720434086013053506111750979966866989617955159664115262574949377265274713562889559647382603388710151706821060403312227764728061141212541707525483282789144 
553 218381642392167630077917877056280408046521685129989985418627365109528087506727585160154522587896534374157379957210715303931880334892355353374450771108003519313452190228175567304999347251183751324618160589609293360162937379021690181006644769095211016875941082521949509890195815137464681616759401029213744021598721231933920040564951621015569905951728931290672100502654819473596454761254155668302170276439485201141740123058372169640244051119750695506700027032600795278408 
567 148111468557027373201355379876981092859507522634975437915218155208264388957086949767673332105227767238518773329710295468421990852505248441404875263308547695326275863278802523716660474892637045276121602976674964563057199872522052903983977631383126085315678757206716083087758122320851645709328002343542038688752787739531162076826224218376203507687551529644254419613383909145741952169570210122426889111542419439914011829455644572689269427204729555981359029401721878474042365997671544 
581 100452615328925149045629960151843816400649404246324462864498679565542087438494853467107913945638462513547533562850224019544882481032278727829782423610671200331663851644409648040169667498107910212023133255832079738644836723295477800057757263418344391590407782910892385772088513854906418659639104012279754830295958396019877374336938402773371956082423592620356548287738289427956941384457890220882969222574079226550514623304743393037285854567661796083688688683947950470337560549551107472463236008 
595 68129281444102175458042471289160935792367821867063366117839683166844958838973822809933910945297177987142104505021240005283758430758299036345371568360320031116328325415206373166346442477889348757392116541843435170694093977521339295340834560874938671060591720718790743831102599243092341798674104976569500350835675423454062484106968217415790351807463204906232378049708912084143887193826406595650754736145284630567867254340052771383178563515680505724861776405930512748767995142219149237545061575849840873944 